0.000000,1.310410,0.405089,-0.088254,-0.080746,-0.395392,-0.556907,0.188092,-0.218363,-0.203331,0.097205,0.584131,0.291271,-0.131797,0.255681,0.054762,0.001147,-0.148636,-0.231093,-0.522408,0.023811,0.087995,-0.180782,-0.356598,-0.175019,0.029110,-0.048411,0.002587,-0.034837,-0.530108,-0.243680,0.105851,-0.484925,-0.176286,0.112604,0.055192,0.020470,0.023861,-0.180177,-0.101661,-0.087098,-0.222703,-0.027552,-0.196343,-0.183168,-0.110618,-0.193357,0.271324,-0.049609,-0.221065,0.067140,0.021324,-0.118087,0.041446,-0.162468,0.156895,-0.046331,0.046765,-0.361688,0.219266,-0.254329,0.169540,-0.144254,-0.081636,-0.196198,-0.024878,0.073169,-0.161571,-0.381540,-0.239618,-0.048597,0.164558,-0.301259,-0.081907,-0.484328,0.333679,-0.365814,0.606814,0.639322,-0.136456,-0.035229,0.090926,0.213777,0.306376,0.216988,-0.033733,-0.291848,-0.297961,-0.201992,-0.214815,-0.216207,-0.283702,-0.398558,-0.281317,-0.399423,0.231925,-0.276126,0.111088,0.274453,0.112610,-0.035355,0.599903,0.361830,0.191261,0.001904,0.381457,-0.262637,0.111702,0.142661,0.228987,0.348339,0.020004,-0.164180,-0.267481,0.406497,-0.323580,-0.043918,0.139432,0.052601,-0.368086,0.380589,-0.000572,0.275476,-0.501123,-0.594527,-0.441980,-0.315288,0.251195,0.370094,0.553213,0.364484,-0.030328,-0.277626,0.401520,-0.102470,0.348531,0.333022,0.042874,0.375931,-0.431650,0.882432,0.036618,-0.259618,-0.321818,-0.368248,-0.588724,-0.361446,-0.330538,-0.286416,-0.458859,-0.440374,-0.475358,0.240057,-0.318415,-0.691405,-0.776598,-0.402945,-0.466421,-0.286365,-0.621549,-0.466288,-0.425831,-0.621448,-0.262079,-0.593650,-0.885802,-0.420471,1.000718,-0.423163,-0.624544,0.974352,-0.207469,0.755194,-0.205588,0.152595,-0.554380,0.623366,0.198598,-0.164996,0.185254,-0.013049,0.185026,0.229388,0.509419,-0.465444,0.179330,0.121724,0.295220,0.495171,-0.147063,-0.261222,0.042338,-0.250302,-0.295357,0.008377,-0.049175,0.283035,0.085490,-0.165286,0.088253,-0.113251,-0.346335,0.178396,0.697789,-0.144758,0.080177,0.410568,0.075414,0.054386,0.418759,0.125421,0.114610,-0.637027,-0.219944,0.132740,-0.177876,-0.024985,-0.170622,0.140103,0.065204,0.085650,-0.229224,0.028126,0.214759,-0.119606,-0.193006,0.146263,-0.064409,0.063721,-0.240363,-0.193051,0.294990,0.093083,-0.269053,0.494807,-0.150535,-0.126507,0.190445,0.469648,0.087760,0.336598,0.196892,-0.193343,-0.327710,-0.035691,0.030483,0.016155,-0.514027,0.473235,0.224197,0.177883,0.243804,-0.244417,-0.457673,-0.131501,-0.119620,-0.161431,-0.399148,-0.317649,-0.014209,-0.572654,-0.041522,-0.362280,-0.262291
1.310410,0.000000,0.279694,-0.132441,-0.056892,-0.499541,-0.544074,0.147164,-0.304731,-0.185856,0.277800,0.395608,0.391233,-0.121962,0.189650,0.026876,-0.111116,-0.233072,-0.309121,-0.574719,-0.046181,0.038265,-0.190343,-0.411276,-0.222841,-0.025985,-0.079066,-0.120946,-0.020845,-0.747727,-0.335859,0.025098,-0.420180,-0.230705,-0.018195,0.024653,0.109316,-0.036369,-0.268567,-0.180630,-0.137188,-0.247681,-0.074670,-0.222127,-0.183991,-0.157729,-0.256284,0.205129,-0.046520,-0.033804,0.233034,-0.144929,-0.146826,0.036050,-0.124218,0.141480,-0.157140,0.047008,-0.161756,0.230395,-0.204653,0.239279,-0.220098,-0.110246,-0.235228,-0.108298,0.079391,-0.247075,-0.411600,-0.307360,-0.106989,0.237977,-0.421254,-0.214228,-0.593181,0.256778,-0.232258,0.455749,0.361460,0.044407,-0.094462,-0.203222,0.063478,0.319062,0.041252,-0.239293,-0.397814,-0.356837,-0.283306,-0.196526,-0.171837,-0.311179,-0.243219,-0.046439,-0.346707,-0.040004,-0.304525,-0.020209,0.077065,-0.054844,-0.073471,0.322771,0.056265,0.137119,-0.035166,0.514919,-0.109484,0.173021,0.078073,0.287165,0.338323,0.074754,-0.073928,-0.028856,0.461272,-0.473515,-0.260584,0.096374,-0.221864,-0.576221,0.458133,0.202290,0.396266,-0.395062,-0.574767,-0.360110,-0.557593,0.120245,0.141159,0.504495,0.221566,-0.182994,-0.333446,0.398756,-0.035689,0.296911,0.114893,0.180555,0.166945,-0.529743,0.736728,-0.097245,-0.137845,-0.329775,-0.276051,-0.532373,-0.416744,-0.279256,-0.373853,-0.426034,-0.269420,-0.351168,-0.001533,-0.338122,-0.683261,-0.600611,-0.417906,-0.425327,-0.236851,-0.483676,-0.357461,-0.473970,-0.436662,-0.680347,-0.750612,-0.702261,-0.305107,0.646220,-0.472776,-0.523456,0.752771,-0.416391,0.627253,-0.287894,0.061892,-0.544178,0.635588,0.474101,-0.271222,0.309581,0.066271,0.226419,0.090681,0.343651,-0.463269,0.007288,-0.029273,0.365778,0.626567,-0.049612,-0.208588,0.199015,-0.033429,-0.198475,-0.001415,-0.105573,0.329692,0.111523,-0.118413,0.147731,-0.026983,-0.225436,0.290908,0.866239,-0.134594,0.162936,0.440615,0.173177,0.150348,0.233299,0.230646,0.359725,-0.357479,-0.068509,0.353154,-0.029649,0.173724,0.027857,0.218075,0.180332,0.177093,-0.072302,-0.136565,0.168038,-0.049747,0.068215,0.018458,-0.300032,-0.000186,-0.263294,-0.361790,0.281371,-0.026245,-0.156442,0.490869,-0.195472,-0.089965,0.177679,0.405472,0.108617,0.303467,-0.022949,-0.351800,-0.263851,0.024837,0.219332,0.020912,-0.719686,0.538007,0.161695,0.379417,0.171997,-0.291372,-0.634336,-0.180336,-0.155522,-0.363994,-0.513423,-0.389920,0.043228,-0.312315,-0.172305,-0.442097,-0.386051
0.405089,0.279694,0.000000,-0.249667,-0.070683,0.071037,-0.609347,-0.069196,-0.116186,0.384130,0.110667,0.669501,0.027441,-0.342735,0.348884,0.297807,-0.082926,0.038602,-0.071174,0.045960,0.192479,0.054550,0.171105,0.271155,0.127739,0.208635,0.050703,-0.036765,0.209090,-0.090237,-0.213467,0.328893,-0.124094,0.342692,0.423232,0.365502,0.193021,0.110633,-0.145616,0.011599,0.267640,-0.092313,0.126533,-0.150819,-0.101489,-0.266102,0.100398,0.311438,0.267031,-0.276721,0.485426,0.216241,0.122008,0.299450,0.145124,0.052197,-0.212583,-0.065586,-0.125880,0.356063,-0.321755,0.180873,-0.271497,0.061446,-0.048685,-0.058076,-0.028660,0.081663,0.046047,-0.173547,-0.271086,0.272388,-0.267952,0.093812,-0.367419,0.854508,-0.156288,0.029970,-0.030646,-0.169918,-0.335924,0.017451,0.047793,0.025788,0.481360,-0.210888,-0.168127,-0.138922,-0.056639,-0.091885,0.155607,-0.049910,-0.334595,-0.255754,-0.226989,-0.010795,0.009728,-0.279966,0.249376,-0.203578,0.146563,0.210563,0.029395,-0.002485,0.467568,-0.404382,-0.018600,0.434538,1.012243,0.880655,0.474448,-0.740713,0.242322,-0.512808,0.112496,-0.159548,-0.261633,-0.286246,0.386159,-0.513146,0.116292,0.134991,0.004282,-0.458115,-0.741090,-0.278671,-0.276721,0.318979,-0.021898,0.274652,-0.079965,0.261590,-0.102598,0.157521,-0.285439,0.112817,-0.227141,-0.094209,0.132709,0.088485,-0.045128,-0.123122,-0.171260,-0.104375,-0.301726,-0.418488,-0.209970,-0.074375,-0.227481,-0.111211,-0.514873,-0.339687,0.237399,0.424672,-0.270198,-0.330924,-0.179342,-0.437368,-0.145400,-0.268596,-0.345486,-0.273773,-0.313170,-0.069858,-0.287138,-0.446607,-0.231604,0.362091,-0.169155,-0.314137,0.207450,-0.493849,0.167879,-0.463721,0.144302,-0.198006,-0.056587,-0.122604,0.018750,0.205117,0.033212,0.820778,0.205806,-0.059180,-0.232975,0.264732,-0.002070,0.185696,0.462792,-0.175324,-0.156105,-0.020383,-0.255124,-0.156745,-0.436402,-0.290924,0.044161,-0.527256,0.114071,-0.139016,-0.238141,-0.473447,0.169742,0.083141,0.010173,0.031735,0.172932,-0.038906,0.221174,0.398928,0.629695,0.283183,-0.223049,-0.324304,0.288491,0.026602,0.136143,-0.295830,-0.047656,0.178980,0.171327,-0.347458,-0.335507,-0.046878,-0.263460,-0.280458,0.354595,0.271311,0.172070,-0.011690,-0.315612,-0.002589,0.006235,-0.539121,0.270122,0.201938,0.024537,0.122272,0.121392,0.217487,0.269617,-0.051604,0.011152,-0.622722,-0.546078,-0.336600,0.362122,-0.150141,0.071449,0.265974,-0.012066,0.344497,-0.304569,-0.194095,0.065632,-0.017359,-0.014309,-0.407900,-0.021857,-0.170657,-0.300179,-0.181355,-0.344890,0.031013
-0.088254,-0.132441,-0.249667,0.000000,0.350920,-0.216440,-0.074156,0.170723,-0.462564,-0.317805,-0.169423,-0.109238,0.392684,0.241234,-0.323548,-0.084713,-0.128836,-0.499338,-0.306491,0.012703,-0.194264,-0.372498,-0.256789,-0.141237,-0.171968,-0.324691,-0.359920,-0.305310,-0.137212,0.250851,-0.113322,-0.417015,-0.035111,-0.113435,-0.205383,-0.112486,-0.302084,-0.269506,-0.309739,-0.363857,-0.358915,-0.328055,-0.409303,-0.287213,-0.278744,-0.216006,-0.006542,0.253460,0.002706,0.448010,-0.134796,0.315236,0.037875,-0.159924,-0.311196,0.099123,0.136754,0.077870,0.124484,-0.046344,-0.240080,0.213339,-0.101020,-0.421277,-0.433355,-0.395230,-0.562130,-0.058079,-0.232994,-0.325721,-0.231014,-0.105219,-0.351946,-0.000853,-0.231431,-0.003933,-0.193979,0.273970,0.139488,0.118313,-0.301864,-0.330325,-0.311395,0.187468,-0.170557,-0.303896,-0.495757,-0.465986,-0.408298,-0.490392,-0.514143,-0.666390,-0.163124,-0.095443,-0.454736,-0.330695,-0.629299,-0.216832,-0.689821,-0.225344,-0.513551,-0.240390,-0.156800,-0.270788,-0.640344,0.268477,-0.553389,-0.657352,-0.266021,-0.296082,-0.698310,0.104600,-0.588209,-0.081201,0.028426,-0.422314,-0.273223,0.414011,0.093410,-0.210640,-0.404768,0.032450,-0.095131,-0.269782,-0.016326,-0.279417,-0.073463,-0.357005,-0.378806,-0.178543,-0.202212,-0.410392,-0.579746,-0.021345,-0.142943,-0.039205,0.033668,0.013922,-0.491844,-0.238934,-0.071399,0.294814,0.055656,0.171874,0.282515,0.112458,0.268578,0.113505,0.369484,0.217834,0.136880,0.126920,-0.288236,-0.420513,0.170501,0.088459,0.305986,0.299257,0.282326,0.025191,-0.096661,0.310449,0.137177,-0.070833,0.348407,0.225571,0.301966,0.076703,0.200219,0.085460,0.285306,0.301302,0.091225,0.187020,0.511115,0.363126,0.454885,0.447338,0.434090,0.298478,-0.221891,-0.217037,0.173038,0.159387,0.085104,0.506744,-0.002041,0.337925,0.165362,0.711882,0.455944,0.243003,0.320265,0.348201,0.285919,0.170345,0.398116,0.471599,0.281242,0.393612,0.653358,0.503450,0.122861,0.285198,0.301788,0.594874,0.276362,0.758007,0.510322,0.078816,-0.387831,-0.412265,0.263347,0.401394,0.001270,0.123837,-0.219759,0.066087,0.069465,0.269926,-0.111857,-0.140544,-0.062917,-0.436421,-0.239684,0.054919,-0.175209,0.387596,-0.528520,-0.335774,-0.352920,0.204352,-0.115390,0.311317,0.103432,-0.019406,-0.371602,-0.047592,0.104854,0.093994,0.211087,0.152610,0.254238,0.192851,0.047563,0.289300,0.029412,0.016964,-0.221777,-0.655281,0.428892,0.201852,0.290899,-0.116237,0.187263,0.493108,0.075159,0.503986,0.272382,0.402693,0.372785,0.517636,0.556313,0.449025
-0.080746,-0.056892,-0.070683,0.350920,0.000000,-0.115797,0.022905,0.004357,-0.688974,-0.332318,-0.542371,0.118574,0.046829,0.566425,-0.849462,-0.511506,-0.451246,-0.510652,-0.380165,-0.169359,-0.296466,-0.523855,-0.452998,-0.342620,-0.394042,-0.420356,-0.736740,-0.474298,0.145567,0.066678,-0.217623,-0.567922,0.014553,-0.043432,-0.441928,-0.163910,-0.641799,-0.642013,-0.355142,-0.452760,-0.448103,-0.376116,-0.699905,-0.323724,-0.261244,-0.329543,-0.187942,0.198970,-0.306892,0.047495,-0.028221,0.340544,-0.166864,-0.216119,-0.434540,-0.126733,0.176137,-0.022093,-0.296141,-0.181356,-0.429075,-0.021443,-0.421468,-0.867113,-0.794799,-0.798060,-0.678435,-0.283963,-0.766394,-0.617461,-0.641280,-0.101550,-0.539799,0.302209,-0.387367,0.203933,-0.243665,0.164252,-0.057892,0.134858,-0.269603,-0.549526,-0.341482,0.142915,-0.059458,-0.296300,-0.445332,-0.450127,-0.642582,-0.589727,-0.494659,-0.719281,-0.333168,-0.202893,-0.648418,-0.305833,-0.603251,-0.157381,-0.373156,-0.318950,-0.464976,-0.365658,-0.202287,-0.074473,-0.636134,0.247443,-0.239307,-0.374184,-0.125324,-0.115459,-0.518606,0.038428,-0.404117,-0.171606,-0.028815,-0.373601,-0.558919,0.268632,0.057489,-0.202010,-0.155441,0.013397,-0.602091,-0.179629,0.087928,-0.325345,-0.146382,-0.809981,-0.240481,-0.519635,-0.198880,-0.386692,-0.517627,-0.212004,-0.432785,-0.232086,-0.076633,-0.073577,-0.594170,-0.001533,-0.050665,0.365213,0.392049,0.635855,0.480544,0.467696,0.793674,0.440272,0.480203,0.633471,0.374345,0.334888,-0.110577,-0.036455,0.567733,0.567740,0.711483,0.594087,0.196088,0.090810,0.311732,0.491640,0.236720,0.159699,0.216220,0.344660,0.576436,0.091892,0.745374,0.388496,0.216660,0.112760,0.266656,0.121089,0.552780,0.322868,0.344074,0.179407,0.461539,0.784434,-0.416612,-0.234705,-0.087101,-0.075760,-0.201757,0.464970,-0.077580,0.093200,-0.007359,0.560193,0.305011,0.046543,0.312692,0.251923,0.231425,0.181622,0.611829,0.219745,0.183612,0.687798,0.634035,0.353637,0.187553,0.203897,0.587614,0.784729,0.068245,0.799851,0.625448,0.004536,-0.392285,-0.299829,0.366113,0.276352,0.239047,-0.050433,-0.405616,0.213185,0.031892,0.026793,-0.299415,-0.264527,-0.147104,-0.356964,-0.325488,0.144556,-0.219537,0.564233,-0.437818,-0.140289,-0.303024,0.409904,-0.041855,0.219674,-0.248424,-0.372059,-0.656400,-0.394545,-0.198589,-0.234465,0.109387,0.116586,0.449514,0.159897,0.064144,0.106696,0.234437,-0.335215,-0.301092,-0.230094,0.457206,0.348640,0.338584,-0.352496,0.205772,0.691987,0.387768,0.601246,0.355184,0.545584,0.361708,0.766975,0.514768,0.768695
-0.395392,-0.499541,0.071037,-0.216440,-0.115797,0.000000,0.236533,-0.302443,0.605480,0.281412,0.339752,-0.446017,-0.822722,-0.575826,-0.240403,0.227879,0.364844,0.598779,0.646742,0.586867,0.523870,0.258416,0.541431,0.541351,0.558290,0.572321,0.509550,0.464147,-0.219141,0.627852,0.603626,0.056557,0.517816,0.477875,0.410958,0.419857,0.371838,0.420388,0.476574,0.394044,0.280391,0.455821,0.373118,0.445244,0.422933,0.497766,-0.279492,-0.572857,0.112330,-0.172472,-0.117627,-0.391212,-0.067208,-0.077229,-0.243907,-0.713236,-0.596671,-0.902894,0.080410,-0.433918,0.092097,-0.797947,0.216208,0.220948,0.271521,0.053086,0.294760,-0.288733,0.450752,0.434632,-0.036575,-0.401996,0.499907,-0.241788,0.393880,0.005211,0.518543,-0.620658,-0.607098,-0.206973,0.004220,0.227343,0.171689,-0.624720,0.079926,0.643091,0.877293,0.845735,0.729554,0.759657,0.848105,0.572907,0.213683,0.498167,0.514265,0.417966,0.717039,0.221625,0.367496,0.145838,0.435312,0.030387,-0.283720,-0.028303,0.314821,-0.347631,0.627920,0.313714,0.424024,0.239533,0.024248,-0.133155,0.576287,0.324234,-0.653484,0.750313,0.429824,-0.380061,0.446852,0.561280,0.011544,0.066775,-0.305353,0.416454,0.294327,0.460505,0.514604,-0.009789,-0.044386,-0.153826,-0.054986,0.507702,0.831988,-0.065066,0.365759,-0.325456,-0.248577,-0.503963,0.016681,0.437512,-0.507609,-0.481672,-0.149940,-0.293682,-0.239592,0.029651,-0.220428,-0.160714,-0.176076,-0.101806,-0.359158,-0.203048,-0.058448,0.334598,0.016579,0.026866,-0.228856,-0.159721,-0.180214,-0.045678,-0.180298,-0.172705,-0.008894,0.185589,-0.048938,0.156373,-0.219579,-0.365561,-0.126113,-0.097949,-0.591613,-0.206951,-0.365230,0.129445,-0.260590,0.368593,-0.623879,-0.530312,0.176749,-0.206460,0.367514,-0.022113,0.020871,-0.730311,0.670025,-0.327312,-0.070875,-0.764145,-0.489750,0.096680,0.192999,0.223408,0.162985,0.366138,0.147075,0.450454,-0.186185,-0.092116,0.193007,0.104788,0.007518,0.250706,-0.811880,-0.799653,-0.512712,-0.244724,-0.768670,-0.412592,-0.234736,-0.591313,-0.046587,-0.195512,-0.100119,-0.167812,-0.344022,-0.353187,-0.276045,-0.092750,-0.698982,-0.636748,0.157535,-0.091328,-0.067162,-0.375630,-0.271509,-0.272399,0.173136,0.049025,-0.008137,0.212087,-0.006469,-0.600913,-0.465650,-0.447106,-0.401343,0.062892,0.140103,-0.637824,-0.591121,-0.570544,-0.829870,-0.259420,0.184729,-0.101457,-0.350964,-0.397486,-0.399247,0.656083,-0.054157,0.000533,-0.550441,-0.584855,-0.249621,0.513468,0.473919,-0.286972,-0.031192,-0.029924,0.228055,-0.321709,0.295732,-0.487006,-0.037934,0.200656
-0.556907,-0.544074,-0.609347,-0.074156,0.022905,0.236533,0.000000,-0.320493,0.386812,0.057145,0.033593,-0.634850,-0.387990,0.211195,-0.255496,-0.312673,0.145912,0.168051,0.213732,0.096414,-0.224718,0.121999,-0.136498,-0.093953,-0.003864,-0.175209,0.057204,0.044171,-0.130863,0.070846,0.295343,-0.101092,0.034577,-0.194285,-0.276639,-0.281362,-0.186783,0.031643,0.200100,0.100308,-0.055017,0.228634,0.173414,0.231779,0.191148,0.336199,0.036998,-0.435521,-0.198725,0.107459,-0.199128,-0.246180,-0.060447,-0.256694,0.226758,-0.140567,0.225871,-0.062971,0.075706,-0.342271,0.336273,-0.440950,0.056195,0.111325,0.209948,0.012581,-0.131619,-0.171062,0.070678,0.468757,0.277026,-0.302164,0.375095,-0.105526,0.857799,-0.690622,0.545288,-0.493057,-0.439082,0.466003,0.297102,0.069699,0.265941,-0.528058,-0.039117,0.243742,0.387995,0.464146,0.443054,0.501200,0.165167,0.421831,0.813808,0.251268,0.693263,0.154971,0.455953,0.048063,-0.040746,0.082997,0.415125,-0.233015,-0.292112,-0.216113,0.179705,0.128571,0.459394,0.170829,-0.450379,-0.372004,-0.300925,0.480492,0.328588,0.462945,-0.334926,0.456232,0.363956,-0.305600,-0.165286,0.512573,0.095698,0.219591,-0.175571,0.804986,1.055548,0.681209,0.175290,-0.181905,-0.110016,-0.349691,-0.250150,0.393076,0.409240,-0.261877,0.690763,-0.168566,-0.296481,-0.327790,-0.092809,0.491039,-0.126245,0.114903,0.497344,0.157680,0.466555,0.582583,0.195689,0.379054,0.129949,0.353866,0.520131,0.552125,-0.205283,0.103908,0.308661,0.403549,0.197166,0.472047,0.345245,0.660005,0.216205,0.238870,0.664460,0.257433,0.510215,0.656629,0.339998,-0.202902,0.099069,0.615054,-0.522858,0.610521,-0.415192,0.092883,-0.127269,0.208849,-0.463253,-0.059613,0.200881,-0.475580,0.119745,-0.471304,-0.443443,-0.389871,0.366037,-0.222196,-0.303341,-0.299807,-0.347799,0.214173,-0.094116,0.059095,0.454897,0.379111,0.081340,0.315379,-0.397856,0.064605,-0.000424,0.000238,-0.102499,0.282982,-0.379664,-0.437648,-0.019764,-0.293560,-0.350836,-0.210911,-0.353221,-0.337629,-0.264699,-0.031097,0.228971,-0.047971,-0.153320,-0.033872,-0.117770,0.144982,-0.184280,-0.244416,-0.176736,0.632190,-0.021024,0.043444,0.405605,0.176984,-0.537214,-0.264223,0.005868,0.071110,0.349465,-0.012039,0.014495,0.747815,-0.336351,-0.437654,0.068833,-0.319125,-0.303079,-0.448613,-0.577105,-0.351813,0.222534,0.622775,0.350151,0.020107,-0.192261,0.564994,-0.154210,-0.309863,-0.092933,-0.388756,0.307681,0.606417,-0.033449,0.148191,-0.021197,0.261572,-0.004313,0.191560,0.114273,-0.023231,0.505037,-0.012318
0.188092,0.147164,-0.069196,0.170723,0.004357,-0.302443,-0.320493,0.000000,-0.129152,-0.793639,-0.177063,0.234503,0.527103,0.041324,0.215309,0.066597,-0.088691,-0.365079,-0.460531,-0.553260,-0.214196,-0.175002,-0.445965,-0.129502,-0.255894,-0.283570,-0.071069,-0.353300,0.201787,-0.197898,-0.346714,-0.274965,-0.402881,-0.378328,-0.258329,-0.203084,-0.134101,-0.439988,-0.186533,-0.427233,-0.155846,-0.260174,-0.128087,-0.241885,-0.233437,-0.214359,0.038456,0.425546,-0.032273,-0.130896,-0.220564,0.099697,-0.099912,0.095257,-0.315204,0.195406,-0.038816,0.409265,-0.039856,0.549424,0.199004,0.401176,0.460926,0.298097,0.107389,0.455030,-0.028527,0.195710,-0.329871,-0.156992,0.344427,0.065198,-0.021883,-0.091654,-0.093095,-0.033503,-0.029152,0.428151,0.397705,-0.141179,0.268327,0.072089,0.290155,0.872632,0.142715,-0.105136,-0.363069,-0.513904,-0.301573,-0.441137,-0.240296,-0.208715,-0.436293,-0.227902,-0.312365,-0.120957,-0.453986,-0.011876,-0.249372,0.116645,-0.575677,-0.022887,0.256565,-0.079524,-0.467001,0.195318,-0.542177,-0.401953,-0.246796,-0.261271,-0.150666,-0.125293,-0.339646,-0.120499,0.140277,-0.018731,-0.081518,0.734720,0.186962,-0.263338,-0.591853,-0.527795,0.405921,-0.536407,-0.386440,-0.258379,0.133491,0.333601,-0.094857,0.440851,0.162040,-0.271766,-0.269836,0.285728,-0.156564,0.102495,0.564254,0.215373,-0.021363,-0.585854,0.332037,0.315183,-0.064481,-0.062607,-0.037570,-0.258192,-0.017447,-0.141424,0.504288,-0.124889,0.150874,-0.073923,0.345613,-0.382103,0.139289,-0.241294,0.074404,-0.031450,0.018104,-0.116807,0.051804,0.432096,-0.208075,0.018302,0.112591,-0.318252,0.034175,-0.037735,0.193564,-0.154512,0.522073,0.059636,0.605139,0.081208,0.036945,-0.347539,0.554483,0.069776,-0.126245,0.086960,0.141218,0.055806,0.830930,0.584382,-0.253909,0.201910,-0.147072,0.425295,0.136012,-0.236808,-0.038439,0.072585,-0.326315,-0.173068,0.227515,0.013497,0.451994,0.438503,0.077642,0.126620,-0.195390,-0.124027,0.430351,0.351322,-0.024179,0.033283,0.260136,0.228749,0.044488,0.412438,0.118477,-0.164186,-0.272340,0.348865,0.047463,-0.003454,0.297961,0.134053,0.108960,0.334442,0.120482,-0.405351,0.127442,0.276156,-0.045914,-0.215643,-0.158429,0.013530,0.271248,-0.067637,0.288446,0.080028,-0.122058,-0.067609,0.434545,-0.132129,0.190738,0.317443,0.507890,0.166476,0.103147,0.198536,-0.454063,0.076886,0.173637,0.472748,0.161518,-0.450372,-0.226990,0.401744,0.155987,0.188478,-0.212021,-0.105824,-0.456283,-0.062956,-0.059151,-0.151818,-0.412490,0.282053,-0.381821,0.205454,-0.152457,-0.223671
-0.218363,-0.304731,-0.116186,-0.462564,-0.688974,0.605480,0.386812,-0.129152,0.000000,0.212077,0.413209,-0.421967,-0.764963,-0.719399,0.322547,0.236333,0.879793,1.027858,0.858798,0.438180,0.410797,0.767700,0.599547,0.518904,0.598102,0.639902,1.292417,0.827916,-0.172577,0.179339,0.813761,0.246365,0.339231,0.215169,0.493779,0.161980,0.728681,0.699057,1.007367,0.847762,0.494463,0.849958,0.951147,0.795303,0.661767,0.830028,-0.038272,-0.780168,0.027767,-0.458618,-0.150035,-0.630998,-0.149521,0.034277,0.057050,-0.466495,-0.304464,-0.353108,0.072298,-0.312901,0.686883,-0.675173,0.445207,0.911337,1.044110,0.657958,0.838802,0.007165,0.677719,1.121679,0.611737,-0.342833,1.182767,-0.514811,0.768096,-0.459466,0.581293,-0.579444,-0.254860,-0.336052,0.681369,0.798346,0.622667,-0.426014,0.222362,0.943538,1.137756,1.103151,1.011186,1.057187,0.818300,1.431932,0.317120,0.366694,0.967319,0.720894,1.045189,0.488231,0.615746,0.747155,0.682793,0.313761,0.156905,0.173701,0.513659,-0.108497,0.523913,0.346323,0.007618,-0.122460,0.242852,0.150205,0.592913,0.422264,-0.596736,1.182561,1.049728,-0.364070,0.153548,0.834672,0.153867,-0.200248,0.060597,0.468462,0.342953,0.673090,0.743514,0.426214,0.376505,0.125741,0.176311,0.696222,1.306944,-0.110016,0.556702,-0.216357,0.132452,-0.248166,0.458613,0.284956,-0.175926,-0.576122,-0.252029,-0.687551,-0.410565,-0.149956,-0.622487,-0.390833,-0.293779,-0.524607,-0.353900,-0.171658,0.083964,0.014280,-0.209936,-0.250104,-0.588991,-0.303742,-0.285880,-0.074147,-0.112605,-0.266105,-0.116805,0.175539,-0.123069,-0.105626,-0.437333,-0.388484,-0.434918,-0.187028,-0.546710,-0.104488,-0.276167,0.191110,-0.847879,0.057811,-0.697227,-0.663913,-0.197616,-0.837861,0.674135,-0.224133,0.041791,-0.287510,0.563834,-0.643100,0.031216,-0.658640,-0.481251,-0.402079,-0.088587,-0.005691,-0.221157,-0.073512,0.246320,0.178216,-0.601060,0.019189,-0.094387,-0.287093,-0.615401,-0.018258,-0.790320,-0.770878,-1.025492,-1.147670,-0.846112,-1.123058,-1.068409,-0.374066,0.167392,-0.072047,-0.391801,-0.383520,-0.699823,-0.459077,0.131132,-0.170710,-0.549034,-0.725869,0.124340,0.278787,0.257429,0.394307,0.194017,-0.116529,0.147650,-0.462356,0.496713,0.367386,0.494438,-0.326342,-0.128385,-0.178715,-0.278659,0.113714,0.606430,-0.158527,-0.323327,-0.415906,-0.814396,-0.092399,-0.109221,-0.016837,0.088426,-0.133733,-0.390750,0.704273,0.068373,0.329656,-1.007723,-0.840874,-0.341575,0.730367,0.001474,-0.859623,-0.315868,-0.371767,-0.154042,-0.716786,-0.096265,-0.813052,-0.398694,-0.386622
-0.203331,-0.185856,0.384130,-0.317805,-0.332318,0.281412,0.057145,-0.793639,0.212077,0.000000,0.333948,-0.047569,-0.425951,-0.220583,0.212807,0.298996,0.123701,0.387634,0.387358,0.637341,0.305950,0.286988,0.500272,0.547998,0.376135,0.435753,0.230638,0.329768,0.085618,0.278488,0.214825,0.538743,0.349408,0.402934,0.453730,0.378196,0.330150,0.516225,0.154770,0.398877,0.518700,0.260042,0.365482,0.220512,0.165648,0.065450,0.442441,-0.185923,0.353361,0.125739,0.325923,0.047140,0.389767,0.330074,0.582604,0.029595,0.051088,-0.051002,0.319175,0.003654,0.009635,-0.179727,-0.071779,0.105619,0.200481,0.030145,0.080146,0.157992,0.626692,0.251956,0.018736,0.249426,0.091182,0.013093,0.059572,0.191814,0.194212,-0.605071,-0.508644,0.044869,-0.284673,0.015797,-0.094958,-0.585894,-0.054603,-0.031114,0.294493,0.327391,0.219070,0.343963,0.248160,0.290984,0.275458,-0.024329,0.338886,-0.035531,0.437430,-0.153105,0.207715,-0.240578,0.402884,-0.009044,-0.175733,0.025223,0.565554,-0.531474,0.382011,0.373631,0.537079,0.488927,0.273959,-0.283494,0.421469,-0.089834,-0.150320,0.022720,-0.007514,-0.720239,-0.060647,0.079978,0.189332,0.273000,-0.228841,0.275478,0.012946,0.283946,-0.137674,0.032555,-0.113082,-0.264507,-0.116064,0.277953,0.180559,-0.408880,0.033220,-0.164619,-0.607918,-0.063018,0.043954,0.628595,-0.360995,-0.209763,-0.055989,-0.033567,-0.007266,0.131267,-0.092123,0.126297,-0.361465,0.147155,-0.173915,0.078767,-0.136059,0.523561,-0.073818,0.129595,-0.111812,-0.090780,0.114248,0.195108,-0.026653,-0.249912,0.169995,-0.064104,0.013572,0.233062,-0.046740,-0.067467,-0.197872,0.139928,-0.477438,-0.150172,-0.598944,-0.215798,-0.287200,0.219718,-0.888766,-0.177389,-0.034728,-0.212579,-0.034404,0.258391,-0.429841,-0.542966,0.106145,-0.268967,0.177256,-0.222175,-0.023979,-0.099421,-0.147965,-0.224731,0.059632,-0.073112,-0.524671,-0.298909,-0.609198,-0.725973,-0.107181,-0.528180,-0.201177,-0.132363,-0.195110,-0.519865,-0.099533,-0.223106,-0.211926,-0.373029,-0.027523,-0.208391,0.290706,0.244942,0.254641,-0.351373,-0.004376,0.310239,0.124266,-0.420023,-0.147942,-0.051985,-0.191955,0.193004,-0.206865,-0.110303,0.184776,0.031742,0.308026,-0.101189,0.175736,0.273078,-0.035616,-0.204579,0.164176,-0.262144,-0.320699,0.358730,0.145569,-0.047631,-0.473046,0.086212,-0.055318,-0.220789,0.143248,-0.173847,-0.349052,-0.376248,0.033112,0.483462,-0.002701,-0.125920,-0.244580,-0.130251,-0.023792,0.248161,0.374407,-0.028762,-0.069160,-0.026203,0.267100,-0.390360,0.159693,-0.436970,0.005274,0.086810
0.097205,0.277800,0.110667,-0.169423,-0.542371,0.339752,0.033593,-0.177063,0.413209,0.333948,0.000000,-0.454591,-0.237057,-0.574476,0.200908,0.578044,0.322394,0.333791,0.280969,0.216899,0.412989,0.468780,0.326827,0.274488,0.402899,0.555113,0.567147,0.323935,-0.156324,0.057923,0.264950,0.141115,0.197412,0.164553,0.301098,0.416946,0.694237,0.392987,0.191742,0.185840,0.289188,0.213900,0.409376,0.199971,0.170331,0.333503,-0.151021,-0.274060,0.327392,0.190188,0.236313,-0.481547,0.145467,0.224129,0.050993,-0.203751,-0.606427,-0.341110,0.386299,0.023231,0.099275,-0.268227,0.171948,0.350848,0.281015,0.119598,0.331873,-0.403574,0.361150,0.352155,0.225094,0.018693,0.072773,-0.468244,0.108201,-0.212971,0.653338,-0.310320,-0.439591,0.157605,-0.095843,-0.004628,0.274301,-0.513232,0.024037,0.126335,0.337683,0.398524,0.393394,0.674628,0.588358,0.387058,0.342330,0.545065,0.476199,-0.036092,0.379626,-0.118903,0.006085,-0.088780,0.332130,0.092837,-0.396209,-0.230709,0.375740,-0.005181,0.501323,0.454610,0.165601,0.307288,0.179080,-0.028626,0.624229,0.440367,-0.102804,0.035483,0.202627,-0.532438,0.021611,0.046725,0.185643,0.252528,0.248091,0.317909,-0.031354,0.484691,-0.110273,0.097351,-0.174203,0.177103,-0.112895,0.300983,0.316126,0.069111,0.481162,-0.159301,-0.453424,-0.226233,0.063975,0.163875,-0.043736,-0.363212,-0.006916,-0.618520,-0.153156,-0.202286,-0.599872,-0.194362,-0.562793,-0.333857,-0.303981,-0.135752,-0.205165,-0.033302,-0.549689,-0.384106,-0.567920,-0.347119,0.001724,0.051585,-0.415212,-0.518416,0.035346,-0.580775,-0.340226,-0.010477,-0.253072,-0.075177,-0.677567,-0.237426,-0.204233,-0.350278,-0.257740,-0.359924,-0.435739,0.088944,-0.314509,0.083459,0.000583,-0.395141,0.420896,0.098408,-0.071768,-0.415665,0.266071,-0.450554,-0.282641,-0.061309,0.149771,0.039923,0.114169,0.356348,0.253497,0.250973,-0.004946,0.020415,-0.313590,0.034554,0.148867,-0.146686,-0.188130,0.124393,-0.258872,-0.207081,-0.632853,-0.343225,-0.216251,-0.312241,-0.207648,-0.406168,0.381126,0.254617,-0.205314,-0.366967,-0.092432,0.089023,0.175805,-0.134018,-0.327335,-0.090287,0.201871,0.254085,-0.405839,-0.174822,0.102696,-0.175759,0.092841,-0.631431,0.081679,-0.050855,-0.216561,-0.242495,-0.350987,-0.293594,0.056462,-0.055974,0.237092,-0.229695,-0.221268,-0.203549,-0.392686,-0.576778,-0.385508,-0.010883,-0.360279,0.030789,-0.433571,0.301313,0.152077,-0.155105,-0.136881,-0.498277,-0.365404,0.121304,0.278673,-0.322051,-0.666791,-0.345796,-0.085666,-0.145975,0.086715,-0.857030,-0.277821,-0.232531
0.584131,0.395608,0.669501,-0.109238,0.118574,-0.446017,-0.634850,0.234503,-0.421967,-0.047569,-0.454591,0.000000,0.391764,0.145474,0.274657,-0.135225,-0.349962,-0.239805,-0.462771,-0.436660,-0.267274,-0.278676,-0.254180,-0.191732,-0.384439,-0.270843,-0.364352,-0.306388,0.099903,-0.439022,-0.539765,0.148060,-0.453602,-0.134568,0.022183,-0.161816,-0.259346,-0.278604,-0.358143,-0.240335,-0.219053,-0.472162,-0.267692,-0.495438,-0.472374,-0.652912,0.101733,0.616951,-0.088582,-0.319219,0.040171,0.588122,-0.019199,0.104295,0.119218,0.481491,0.223864,0.340646,-0.290729,0.514624,-0.249836,0.605684,-0.253732,-0.140396,-0.252559,-0.000373,-0.116033,0.459665,-0.313196,-0.512730,-0.266621,0.370258,-0.273172,0.369625,-0.525372,0.602366,-0.618188,0.631384,0.520601,-0.229223,-0.147738,-0.031204,-0.001000,0.560353,0.354595,-0.313585,-0.489356,-0.551853,-0.509399,-0.599042,-0.343713,-0.401387,-0.632503,-0.660717,-0.658508,-0.031930,-0.399401,-0.080702,0.154155,-0.053478,-0.218642,0.212179,0.491593,0.246985,0.017003,-0.064898,-0.527220,0.005518,0.260911,0.238441,0.376525,-0.295661,-0.334435,-0.701533,0.538907,-0.279879,-0.420304,0.207928,0.066204,-0.617532,0.126326,-0.080288,-0.018439,-0.671021,-0.806543,-0.686466,-0.245555,0.242658,0.135129,0.184965,0.173911,-0.161960,-0.501404,0.199440,-0.631874,0.221347,0.271354,0.316170,0.201616,-0.334343,0.279423,0.196834,-0.232218,0.149416,-0.233530,-0.432222,0.028314,-0.073509,0.018616,-0.142588,-0.216103,-0.276752,0.373377,0.034835,-0.187011,-0.243137,-0.016625,-0.242904,-0.189365,-0.322353,-0.000291,-0.096874,-0.489401,0.041893,-0.223751,-0.683478,-0.121706,0.423951,0.047791,-0.307863,0.591086,-0.216185,0.460377,-0.238302,0.324420,-0.461785,0.431606,0.102691,-0.249580,0.385480,-0.197395,0.454890,0.290515,0.541180,-0.622743,0.413193,0.144326,0.449474,0.602852,-0.252553,-0.302264,-0.211824,-0.486825,-0.534060,-0.324038,-0.258282,0.346288,-0.222788,-0.152630,-0.010352,-0.030830,-0.502631,0.562881,0.544964,0.356818,0.243638,0.592447,0.239115,0.312454,0.889246,0.279625,0.095419,-0.215548,-0.035291,0.381714,0.068981,0.154337,-0.083334,0.526673,0.403473,-0.011927,-0.362896,-0.003458,0.247282,-0.264923,-0.069356,0.181348,0.354229,0.197758,-0.253102,-0.101867,0.210993,0.275044,-0.179228,0.310127,0.210329,-0.095902,0.529644,0.465956,0.525961,0.751040,0.362434,-0.076307,-0.471684,0.031486,-0.125135,0.691189,-0.627864,0.124531,0.334139,0.214107,0.758754,0.036382,-0.350669,-0.390713,0.087466,0.211907,-0.266281,-0.114325,-0.008904,-0.522535,0.314358,-0.242835,-0.058711
0.291271,0.391233,0.027441,0.392684,0.046829,-0.822722,-0.387990,0.527103,-0.764963,-0.425951,-0.237057,0.391764,0.000000,0.386764,0.280249,-0.099356,-0.606542,-0.790583,-0.811655,-0.647928,-0.620549,-0.493204,-0.569054,-0.495751,-0.555001,-0.760554,-0.643173,-0.707150,0.068775,-0.472868,-0.935221,-0.002153,-0.608030,-0.462797,-0.479212,-0.421520,-0.468760,-0.465506,-0.795035,-0.766949,-0.434137,-0.638131,-0.559453,-0.680230,-0.605973,-0.647837,0.160400,0.804150,0.092104,0.439543,0.080212,0.272991,0.172490,-0.041892,0.157227,0.659314,0.142039,0.530589,0.051336,0.591898,-0.134637,1.123770,0.009085,-0.106409,-0.254788,0.043298,-0.357627,0.252275,-0.389178,-0.530003,-0.041922,0.425375,-0.493121,0.296202,-0.381713,0.217396,-0.395974,0.670402,0.566674,0.400050,-0.189120,-0.390535,-0.218685,0.742059,-0.112057,-0.708869,-0.854417,-0.857310,-0.463504,-0.667824,-0.470599,-0.580135,-0.087450,-0.211832,-0.455315,-0.518291,-0.640712,-0.341701,-0.471330,-0.318665,-0.469438,-0.156599,0.016890,-0.173303,-0.240542,0.099689,-0.521439,-0.155002,-0.125805,0.033173,0.041378,-0.119401,-0.406569,-0.197304,0.886225,-0.592130,-0.513896,0.505292,-0.221564,-0.779877,-0.195124,0.134983,0.671387,-0.378519,-0.418893,-0.419752,-0.585623,0.146083,-0.260053,0.423504,-0.082632,-0.488210,-0.722379,0.471871,-0.172349,0.634814,0.114744,0.488328,-0.114498,-0.735579,0.333362,0.378917,0.050702,0.279483,0.162279,-0.247851,0.104862,0.109256,0.099635,0.036492,0.291663,-0.003283,0.060811,-0.140895,-0.122491,-0.124026,0.147868,-0.130475,0.229918,0.029427,-0.120635,0.066359,-0.003912,-0.363818,0.020294,-0.225592,0.173968,0.283613,0.037535,-0.050662,0.486060,0.085178,0.271430,-0.221593,0.472014,-0.471694,0.866513,0.800567,-0.188045,0.294949,-0.307495,0.386777,0.227980,0.728298,-0.490220,0.390770,-0.132935,1.043376,0.603370,0.015261,-0.136996,0.045884,-0.000357,-0.101008,-0.305523,-0.345435,0.354211,0.028066,0.028983,-0.029150,0.089515,-0.248984,0.933781,1.100148,0.512628,0.400242,1.108895,0.507335,0.364196,0.596077,0.108296,0.318717,0.070686,0.396478,0.591444,0.508366,0.255628,0.249101,0.708794,1.059188,0.201651,-0.011721,0.010610,0.047681,0.094970,0.129258,-0.184887,0.060154,-0.071333,-0.388351,-0.187527,0.195236,0.107296,0.225450,0.900423,-0.003060,-0.028619,0.653513,1.020200,0.806956,0.711788,-0.014567,-0.407614,-0.009723,0.140031,0.257189,0.389365,-0.680037,0.034700,0.013909,0.891280,0.743289,0.157406,-0.473501,-0.559207,0.319332,0.009445,-0.115303,-0.253410,0.567602,-0.296165,0.412123,0.067364,-0.225213
-0.131797,-0.121962,-0.342735,0.241234,0.566425,-0.575826,0.211195,0.041324,-0.719399,-0.220583,-0.574476,0.145474,0.386764,0.000000,-0.222947,-0.511180,-0.767095,-0.589989,-0.565026,-0.408544,-0.686362,-0.630475,-0.640236,-0.480574,-0.576553,-0.840225,-1.011283,-0.575975,0.266605,-0.072210,-0.526855,-0.196533,-0.288684,-0.310413,-0.708616,-0.560600,-1.118421,-0.791748,-0.587360,-0.637410,-0.407677,-0.577035,-0.767644,-0.562528,-0.595546,-0.554375,0.292738,0.497384,-0.189059,0.378232,-0.199459,0.585453,0.186609,-0.068404,0.221800,0.553217,0.897003,0.692527,0.064370,0.240519,-0.170458,0.420937,-0.195521,-0.588650,-0.508645,-0.290000,-0.682395,0.220710,-0.524358,-0.562802,-0.133195,0.253744,-0.332573,0.622681,-0.181525,-0.019474,-0.315439,0.398842,0.243919,0.318621,-0.158534,-0.368841,-0.352028,0.296193,-0.232785,-0.436959,-0.488105,-0.530519,-0.577957,-0.592316,-0.644982,-0.588092,-0.050320,-0.460128,-0.377986,-0.412682,-0.576675,-0.123341,-0.406803,-0.356311,-0.508277,-0.408171,0.087687,0.031188,-0.448599,0.125688,-0.327304,-0.385688,-0.395882,-0.297095,-0.250159,0.248299,-0.438479,-0.137853,0.449604,-0.413145,-0.400094,0.319144,-0.475575,-0.185066,-0.101369,0.027357,-0.217519,-0.002882,0.150969,-0.221495,-0.306460,-0.384004,-0.118174,-0.399402,-0.099163,-0.554240,-0.640906,-0.170435,-0.396942,-0.012157,0.032194,0.403483,-0.315208,-0.088885,0.105009,0.722580,0.429709,0.938244,0.779677,0.533688,1.027112,0.688649,0.328507,0.740886,0.846255,0.614680,0.041354,0.029703,0.476634,0.663546,0.884184,0.583958,0.515318,0.523146,0.479751,0.505190,0.479066,0.190589,0.356607,0.424553,0.719174,0.089931,0.644269,0.613258,0.101732,0.514231,-0.036122,0.092690,0.362938,-0.066869,0.310772,0.322036,0.027215,0.282815,-0.703092,-0.179662,-0.263573,0.290334,-0.335631,0.251901,0.086431,0.310990,0.064116,0.123687,-0.178555,-0.387551,0.034009,-0.181686,-0.221190,-0.111496,0.239624,-0.064899,-0.243259,0.029217,0.305058,0.063351,0.526838,0.295509,0.967690,0.467199,0.502055,0.624968,0.472527,0.238709,-0.258238,0.038733,0.605549,0.394277,0.353314,0.515992,-0.128505,0.216856,0.676371,0.498115,-0.413821,0.096344,0.054424,-0.021686,0.178528,0.342622,-0.124159,0.322319,-0.163755,-0.100483,0.100124,0.392379,0.456000,0.554609,-0.118753,-0.165191,-0.349721,0.170305,0.140160,0.244951,0.509777,0.203398,0.116073,0.323269,0.198828,0.058253,0.383000,-0.358803,-0.185007,-0.219380,0.471979,0.558375,0.570318,-0.358518,-0.278414,0.696322,0.544092,0.640466,0.061150,0.550788,-0.002269,0.901299,0.591263,0.278196
0.255681,0.189650,0.348884,-0.323548,-0.849462,-0.240403,-0.255496,0.215309,0.322547,0.212807,0.200908,0.274657,0.280249,-0.222947,0.000000,0.448479,0.104258,0.205836,0.042739,-0.066519,-0.024282,0.273256,0.205477,0.345125,0.194449,0.079311,0.334846,0.205023,0.259216,-0.264797,-0.151688,0.718912,-0.284021,0.100373,0.323566,-0.035417,0.301899,0.285620,0.064916,0.147104,0.434277,0.086141,0.355797,0.015495,-0.061475,-0.038012,0.634708,0.251594,0.460819,-0.088236,0.175903,-0.016770,0.362651,0.441900,0.646578,0.460824,0.050572,0.464653,0.127460,0.611281,0.392924,0.430155,0.382468,0.857779,0.743771,0.908360,0.436020,0.653988,0.460881,0.306655,0.684494,0.467433,0.275635,-0.052503,0.062583,0.114222,0.051663,0.050079,0.259855,-0.074006,0.204874,0.369864,0.381003,0.209241,0.301728,-0.050281,0.071119,0.046196,0.276584,0.169915,0.217698,0.405813,0.056053,-0.200272,0.266627,0.054571,0.256675,-0.022850,0.299324,0.216175,0.219134,0.187391,0.353985,0.079425,0.521876,-0.293965,-0.004668,0.374873,0.251464,0.253876,0.691668,-0.340587,0.273276,-0.095074,0.350995,0.190089,0.204335,-0.156087,-0.021459,-0.139216,0.033442,-0.101132,0.706566,-0.066889,-0.386949,0.133088,-0.041709,0.870384,0.177280,0.586807,0.144703,0.223053,0.126202,0.150402,0.073863,0.317920,0.117238,0.377805,0.429476,-0.275929,0.118818,-0.177054,-0.348703,-0.364156,-0.322588,-0.599873,-0.553056,-0.274432,-0.448582,-0.502164,-0.247164,-0.252954,0.338261,0.134308,-0.517856,-0.522184,-0.540356,-0.786429,-0.070113,-0.076470,-0.378337,-0.368896,-0.220267,-0.171899,-0.288552,-0.544700,-0.373962,0.073807,-0.573569,-0.355645,-0.054922,-0.206221,-0.126976,-0.255838,-0.355844,-0.498430,-0.122039,-0.085023,-0.555871,-0.388708,0.126881,0.496927,0.227480,0.377305,-0.142332,-0.178229,0.091936,0.278122,0.240731,-0.744414,-0.489642,-0.276764,-0.547006,-0.582776,-0.482042,-0.601312,-0.432339,-0.384267,-0.181069,-0.731808,-0.939565,-0.700911,0.192050,0.071128,-0.285041,-0.636159,0.237155,-0.513303,-0.380055,0.350287,0.758571,0.542241,-0.345060,-0.245995,0.042669,0.290801,0.727678,-0.297783,0.183870,0.345126,0.164274,0.211218,0.192401,0.646218,0.464650,-0.028452,0.386875,-0.352787,0.763152,0.243736,0.338774,0.002794,0.180640,-0.248754,0.449898,0.453746,0.806247,0.855037,0.424775,0.629139,0.205978,-0.048019,-0.628043,-0.213979,-0.066168,-0.151818,0.220701,0.017240,0.056518,0.552499,-0.182625,0.152142,-0.288412,0.083966,-0.485946,-0.502564,-0.221273,-0.682518,-0.469573,-0.376693,-0.651700,-0.392011,-0.578107,-0.706322
0.054762,0.026876,0.297807,-0.084713,-0.511506,0.227879,-0.312673,0.066597,0.236333,0.298996,0.578044,-0.135225,-0.099356,-0.511180,0.448479,0.000000,0.153392,0.073809,0.077182,0.390679,0.873672,0.116193,0.338287,0.681986,0.927625,0.698089,0.478640,0.153125,0.352393,0.376134,0.019146,0.446320,0.153856,0.363884,0.400006,0.997024,0.708903,0.525578,-0.010210,0.099538,0.686820,0.003971,0.357293,0.073238,0.057109,0.088799,0.223921,0.187928,1.206660,0.052941,0.427533,0.150069,0.741575,0.955121,0.154661,0.185530,-0.352369,-0.029945,0.101962,0.337617,-0.145092,0.163903,0.292034,0.423551,0.390836,0.266947,0.428060,0.188685,0.794283,0.166692,0.255993,0.424022,-0.030234,-0.128182,-0.078434,0.117566,0.190499,-0.040009,-0.236704,-0.133897,-0.411718,0.046686,0.302165,-0.124644,0.356763,-0.149020,0.084224,0.083498,0.157883,0.184109,0.198585,0.158902,-0.165695,0.212218,0.059763,-0.199845,0.239229,-0.394343,-0.085122,-0.152006,0.069637,0.051027,-0.174832,-0.377787,0.351794,-0.509584,0.099007,0.266303,0.412693,0.416271,0.227993,-0.538786,0.302591,0.003217,0.026021,0.023333,0.040315,-0.249828,0.513713,-0.054834,-0.337829,-0.000487,0.351708,-0.158366,-0.369723,0.105197,-0.052429,0.286983,-0.172495,0.171199,-0.100084,0.314131,0.091012,0.121930,-0.002954,0.119160,-0.272209,-0.237062,-0.012261,0.055942,-0.121200,-0.161432,-0.343128,-0.345573,-0.334253,-0.379198,-0.503441,-0.391812,-0.289329,-0.320768,-0.423160,-0.395059,0.210852,0.175200,-0.370794,-0.499640,-0.493792,-0.460268,-0.200659,-0.239218,-0.452343,-0.340285,-0.233616,-0.208467,-0.197525,-0.233367,-0.431843,0.019500,-0.519599,-0.431776,-0.082617,-0.233492,-0.229241,-0.502982,-0.093681,0.066112,-0.281450,-0.277542,-0.003389,-0.237673,0.200977,0.209569,0.177888,-0.149639,-0.013051,-0.032018,-0.119943,-0.007385,0.176655,-0.102505,0.212776,0.255852,-0.109328,0.086390,-0.239946,-0.243603,-0.287912,-0.139542,0.392683,-0.285622,-0.220537,-0.234389,0.091493,-0.228955,-0.340535,-0.171157,0.016248,-0.349643,-0.083145,0.020800,0.382339,0.214756,-0.277391,-0.301906,-0.020074,0.181710,0.246918,-0.253932,-0.242073,0.104245,0.302416,-0.253549,-0.349558,-0.242948,-0.075178,-0.533329,0.351781,-0.287924,0.240344,0.264750,0.080275,-0.145692,-0.252258,-0.456061,0.231408,0.484481,0.432709,0.201549,0.036090,0.294876,-0.029006,-0.311914,-0.187604,0.015338,-0.603745,-0.030669,-0.342067,0.338230,-0.279177,0.003795,-0.284136,-0.139264,-0.435862,0.116681,0.422681,-0.342496,-0.248736,-0.213661,-0.028709,-0.256460,-0.097648,-0.350286,-0.479348,-0.004962
0.001147,-0.111116,-0.082926,-0.128836,-0.451246,0.364844,0.145912,-0.088691,0.879793,0.123701,0.322394,-0.349962,-0.606542,-0.767095,0.104258,0.153392,0.000000,0.895599,1.018513,0.306833,0.402550,1.300108,0.778876,0.309571,0.352383,0.580795,0.754638,1.092690,-0.291543,0.116932,1.421239,0.013926,0.205328,0.419280,0.833905,0.155938,0.624920,0.707827,1.464070,1.278894,0.367354,1.171284,1.075323,1.229715,1.139439,1.198634,-0.239660,-0.858379,-0.085843,-0.308551,0.028609,-0.545998,-0.367625,-0.169260,-0.294324,-0.611134,-0.297487,-0.400207,-0.140409,-0.543215,0.326634,-0.733159,0.153758,0.445562,0.469980,0.266789,0.570050,-0.260773,0.312827,0.961855,0.302585,-0.696419,0.528606,-0.603844,0.415878,-0.340001,0.311773,-0.520093,-0.137636,-0.314770,0.464169,0.561983,0.308341,-0.361769,0.048635,0.700858,0.718512,0.708267,0.572725,0.660988,0.367506,0.667502,0.112783,0.285766,0.527083,0.592495,0.575812,0.334190,0.448697,0.729570,0.493596,0.274168,0.176385,0.007212,0.131755,0.033592,0.354549,0.032963,-0.035929,-0.203509,-0.081594,0.088224,0.161085,0.155390,-0.718838,0.477322,0.772393,-0.279228,0.299043,0.671089,0.003673,-0.344842,-0.105282,0.218809,0.313327,0.421966,0.690527,0.056583,0.369566,0.120715,0.209543,0.471812,0.692210,-0.282312,0.431029,-0.211751,0.206567,-0.403041,0.306972,0.198181,-0.146486,-0.454879,-0.321254,-0.846060,-0.551116,-0.162450,-0.547018,-0.598846,-0.043710,-0.473281,-0.528494,-0.326976,-0.259049,-0.356963,-0.131281,-0.411349,-0.510192,-0.131712,-0.451815,-0.322821,-0.212537,-0.144059,-0.301748,0.176028,-0.120761,-0.084296,-0.567174,-0.128762,-0.360599,-0.351301,-0.084618,-0.106289,-0.032603,0.258000,-0.484579,0.364053,-0.341168,-0.445547,0.173205,-0.473343,0.460802,-0.195031,0.101980,-0.205022,0.629552,-0.245393,0.111835,-0.441392,-0.437050,-0.115940,0.222632,0.075393,-0.033499,0.137389,0.527764,0.056293,-0.450111,0.335238,0.066425,-0.033766,-0.290742,0.154618,-0.781135,-0.540585,-0.766651,-0.613969,-0.917024,-0.617772,-0.676300,-0.488681,-0.180181,-0.404531,-0.509995,-0.474118,-0.875328,-0.806802,0.039428,-0.423297,-0.958128,-0.851694,-0.052597,0.165522,0.255902,0.237240,0.072518,-0.195492,0.058535,-0.324824,-0.030945,0.195072,0.089316,-0.193572,-0.263658,-0.224881,-0.246947,-0.046847,0.149470,-0.367258,-0.439535,-0.567532,-0.638828,0.097276,0.126363,-0.118489,0.017029,0.045701,-0.631681,0.558997,0.061104,0.009853,-0.649609,-0.877385,-0.245067,0.357696,0.297433,-0.531468,-0.336831,-0.107353,0.012399,-0.562497,0.135841,-0.550524,-0.147535,-0.092167
-0.148636,-0.233072,0.038602,-0.499338,-0.510652,0.598779,0.168051,-0.365079,1.027858,0.387634,0.333791,-0.239805,-0.790583,-0.589989,0.205836,0.073809,0.895599,0.000000,1.546226,0.451264,0.298951,0.947935,0.980924,0.397587,0.342550,0.560545,0.798888,1.385744,-0.397301,0.188479,1.106792,0.362330,0.387161,0.518263,0.931603,0.033267,0.550543,0.714363,1.362319,1.239829,0.292888,1.008054,0.779808,0.923762,0.797859,0.857864,-0.141320,-0.711691,-0.071412,-0.332020,-0.073497,-0.530320,-0.201732,-0.134480,0.053821,-0.495896,-0.286570,-0.433474,-0.012568,-0.429057,0.330927,-0.688398,0.310056,0.442331,0.606868,0.396197,0.771666,-0.068760,0.471142,1.032925,0.306676,-0.420544,0.833701,-0.256835,0.473429,-0.207139,0.252893,-0.565604,-0.215127,-0.384690,0.440901,0.630128,0.198296,-0.595656,-0.081791,0.843123,1.194719,1.049869,0.804233,0.887030,0.679170,1.026129,0.280850,0.268684,0.760741,0.665216,0.972283,0.474579,0.823314,0.595302,0.607373,0.321526,0.243670,0.224340,0.436621,-0.251293,0.585860,0.346803,0.174648,0.030564,0.291939,-0.029703,0.489165,0.207387,-0.459589,0.703840,0.799779,-0.542664,0.128365,0.776341,0.340709,-0.222020,-0.190133,0.462047,0.385331,0.416956,0.598395,0.222810,0.538083,-0.016792,0.292697,0.404686,1.029771,-0.213741,0.258052,-0.243944,0.057992,-0.200339,0.457086,0.425459,-0.210864,-0.531382,-0.335840,-0.523407,-0.572117,-0.195208,-0.412931,-0.472995,-0.348039,-0.417645,-0.501144,-0.351338,-0.002556,0.144323,-0.216059,-0.180556,-0.493558,-0.320237,-0.398718,-0.151091,-0.094350,-0.418295,-0.321433,0.270585,-0.214382,-0.101921,-0.597930,-0.236941,-0.323078,-0.267109,-0.492935,-0.162682,-0.351152,0.213326,-0.692782,0.132325,-0.701360,-0.628550,-0.048262,-0.526243,0.214994,-0.015217,-0.167031,-0.346512,0.522171,-0.558753,0.292838,-0.623176,-0.480338,-0.390018,-0.035550,-0.172843,-0.230797,-0.161247,0.092166,-0.019065,-0.575016,-0.126407,-0.131366,-0.290256,-0.380626,-0.020641,-0.847704,-0.756915,-0.650896,-0.833737,-0.783793,-0.968114,-0.808381,-0.499308,0.028977,-0.135080,-0.362969,-0.570096,-0.621979,-0.464191,0.019310,-0.310140,-0.520056,-0.760538,0.066051,0.326736,0.396338,0.258388,0.178375,-0.132407,0.348446,-0.195382,0.240595,0.405455,0.186107,-0.419670,0.043165,-0.436720,-0.413456,0.193691,0.356422,-0.300319,-0.469507,-0.379868,-0.577318,-0.020783,-0.089472,-0.397564,-0.167655,-0.358155,-0.428391,0.546789,0.144402,0.235023,-0.961510,-0.574779,-0.164921,0.472589,0.150572,-0.618974,0.001677,-0.317698,0.100775,-0.780418,0.034380,-0.632985,-0.234523,-0.207186
-0.231093,-0.309121,-0.071174,-0.306491,-0.380165,0.646742,0.213732,-0.460531,0.858798,0.387358,0.280969,-0.462771,-0.811655,-0.565026,0.042739,0.077182,1.018513,1.546226,0.000000,0.536052,0.376687,0.950842,1.126506,0.367416,0.411507,0.550837,0.665546,1.492146,-0.360388,0.321905,1.487191,0.290606,0.442743,0.659234,0.907885,0.103186,0.482963,0.856486,1.411289,1.428673,0.380103,1.329631,0.795971,1.325366,1.154186,1.142438,-0.184900,-0.890341,-0.029974,-0.171832,0.049517,-0.582180,-0.197554,-0.214035,-0.035046,-0.656292,-0.276717,-0.544232,-0.043783,-0.696371,0.210291,-0.890962,0.236936,0.288733,0.452703,0.230004,0.612717,-0.227259,0.433864,1.044073,0.209543,-0.566895,0.636736,-0.294540,0.448898,-0.168107,0.217875,-0.709246,-0.276791,-0.315619,0.317856,0.481332,0.032570,-0.647766,-0.233697,0.791730,1.160576,1.059042,0.808660,0.838501,0.536901,0.851877,0.314791,0.365840,0.719773,0.601991,0.923484,0.450340,0.706616,0.526657,0.595476,0.240929,0.105370,0.122726,0.324016,-0.249029,0.666654,0.253251,0.201486,0.031661,0.141606,0.022947,0.415898,0.250642,-0.588062,0.600341,0.783530,-0.475203,0.148992,0.962522,0.230355,-0.153024,-0.222030,0.481833,0.537461,0.425497,0.569245,0.025348,0.481855,-0.104309,0.284131,0.362511,1.009014,-0.299185,0.319619,-0.201607,0.013443,-0.321349,0.306062,0.485325,-0.303114,-0.527569,-0.344203,-0.487413,-0.514939,-0.069383,-0.337239,-0.479608,-0.248450,-0.284838,-0.444876,-0.333690,-0.212362,0.112595,-0.073573,-0.085602,-0.367714,-0.180528,-0.401155,-0.193333,-0.139671,-0.300666,-0.240634,0.254196,-0.152343,0.063037,-0.565797,-0.231245,-0.273520,-0.208620,-0.527734,-0.095658,-0.399235,0.325867,-0.560738,0.316138,-0.660479,-0.584995,0.103960,-0.403162,0.142739,-0.079607,-0.288177,-0.458172,0.647563,-0.526740,0.355007,-0.758152,-0.700101,-0.206990,0.110319,-0.115630,-0.055226,0.013978,0.199916,-0.010753,-0.583606,-0.059629,-0.067226,-0.193102,-0.207975,0.138605,-1.009117,-0.833872,-0.586669,-0.633633,-0.960550,-0.799762,-0.695629,-0.743481,-0.181511,-0.205944,-0.246019,-0.494247,-0.672204,-0.537043,-0.125180,-0.328993,-0.761112,-0.940318,0.039881,0.324774,0.393411,0.064600,0.178643,-0.068596,0.332909,-0.158527,0.017328,0.508281,0.087400,-0.368682,0.024706,-0.400801,-0.497303,0.133949,0.211662,-0.498017,-0.592996,-0.504627,-0.666477,-0.034547,0.095602,-0.330286,-0.250765,-0.332823,-0.640991,0.672336,0.113102,0.064321,-0.894478,-0.700935,-0.172736,0.348358,0.350865,-0.516641,0.022034,-0.125902,0.205511,-0.689905,0.237095,-0.569848,-0.102934,-0.059948
-0.522408,-0.574719,0.045960,0.012703,-0.169359,0.586867,0.096414,-0.553260,0.438180,0.637341,0.216899,-0.436660,-0.647928,-0.408544,-0.066519,0.390679,0.306833,0.451264,0.536052,0.000000,0.648378,0.182147,0.722556,0.873678,0.744528,0.723963,0.527254,0.448150,-0.006769,0.870944,0.516936,0.124997,1.295431,0.470553,0.396050,0.571057,0.524430,0.531608,0.368232,0.491359,0.445724,0.409578,0.287703,0.365318,0.371529,0.303874,0.147219,-0.400005,0.288137,-0.065673,0.081230,-0.113307,0.169000,0.236529,0.126702,-0.358452,-0.195442,-0.411071,0.239033,-0.405905,0.099839,-0.433916,0.078059,0.159620,0.315087,-0.011585,0.223933,0.030407,0.888873,0.366763,0.001054,-0.038306,0.332514,-0.083489,0.167831,-0.026369,0.243623,-0.626750,-0.525076,-0.178834,-0.099324,0.149258,-0.107449,-0.609425,-0.054789,0.238970,0.418361,0.459260,0.287870,0.336053,0.342598,0.304192,0.167964,0.297689,0.285253,0.060719,0.358634,0.004451,0.031529,0.029061,0.185696,0.004545,-0.223270,-0.014955,0.215462,-0.440651,0.243077,0.036051,0.288841,0.140950,-0.121137,-0.174343,0.294508,0.116061,-0.613027,0.233660,0.166174,-0.350252,0.300830,0.418348,-0.060205,0.009223,-0.345878,0.340465,0.264719,0.290254,0.281842,-0.130650,-0.111805,-0.398221,-0.251965,0.259380,0.404413,-0.272877,0.010227,-0.270654,-0.330409,-0.271597,-0.119481,0.533568,-0.528702,-0.349079,-0.026694,-0.019950,-0.015433,0.244573,-0.029432,0.019758,-0.162260,0.083767,-0.180445,0.071775,-0.032787,0.333851,0.084917,0.225032,-0.047206,0.008323,0.046576,0.095425,0.083653,-0.146889,0.161738,0.194709,0.164189,0.338727,-0.004452,-0.365993,-0.015210,0.144265,-0.659404,-0.093831,-0.498411,0.099939,-0.258580,0.673513,-0.849218,-0.425918,0.236589,-0.173668,0.094538,-0.106865,-0.280954,-0.695369,0.342999,-0.155542,0.103434,-0.471441,-0.374733,0.178544,0.493297,0.079642,0.133053,0.235627,0.087883,0.125434,-0.332498,-0.131153,0.278793,-0.087485,0.075997,0.251534,-0.463669,-0.775705,-0.276655,-0.183076,-0.537421,-0.332252,-0.157634,-0.430816,0.057894,-0.199931,0.194305,-0.188302,-0.398339,-0.018388,-0.200767,-0.086135,-0.383887,-0.417825,0.051058,0.089472,-0.001622,-0.231864,-0.033018,-0.019856,0.208877,0.101809,-0.004184,0.264304,0.053129,-0.238980,-0.067105,-0.221514,-0.461496,0.452839,0.152419,-0.274137,-0.608056,-0.126678,-0.389441,-0.135660,0.272757,-0.026021,-0.205757,-0.247092,-0.204698,0.897403,-0.230517,-0.153240,-0.450744,-0.266740,-0.019969,0.506645,0.692637,-0.078081,0.014877,0.168887,0.724386,-0.366798,0.557050,-0.228507,0.045741,0.366012
0.023811,-0.046181,0.192479,-0.194264,-0.296466,0.523870,-0.224718,-0.214196,0.410797,0.305950,0.412989,-0.267274,-0.620549,-0.686362,-0.024282,0.873672,0.402550,0.298951,0.376687,0.648378,0.000000,0.285455,0.570709,0.693781,1.064296,1.544464,0.754637,0.429617,0.185888,0.513843,0.386062,0.154265,0.519303,0.474248,0.459630,1.658582,1.004785,0.613432,0.336278,0.476828,0.823958,0.272784,0.420072,0.375479,0.392557,0.395384,-0.136602,-0.285404,0.435571,-0.310040,0.209644,-0.080341,0.189186,0.499890,-0.201395,-0.302929,-0.434841,-0.491954,-0.152070,-0.250806,-0.214587,-0.336629,-0.015851,0.135493,0.197723,-0.030030,0.565590,-0.144093,0.686434,0.201754,-0.041411,-0.013924,0.090836,-0.171199,0.049785,0.035349,0.068374,-0.194447,-0.245086,-0.412789,-0.194529,0.277722,0.187443,-0.383522,0.245744,0.297930,0.394079,0.443949,0.273551,0.363864,0.336874,0.281085,-0.179402,0.314186,0.131308,0.198157,0.355376,-0.001389,0.200759,0.103321,0.236713,0.257314,-0.066431,-0.063900,0.291248,-0.335426,0.237642,0.170073,0.346984,0.218390,0.143913,-0.264256,0.244475,-0.016931,-0.375881,0.175614,0.269038,-0.317581,0.462502,0.318718,-0.091888,-0.123809,-0.039853,-0.054676,-0.102015,0.114539,0.242894,0.072181,0.185529,-0.006177,0.024121,0.441575,0.377149,-0.024626,0.027388,-0.096070,-0.092960,-0.496188,0.180910,0.308353,-0.132911,-0.338445,-0.269664,-0.398866,-0.399651,-0.088377,-0.404301,-0.378077,-0.202391,-0.311444,-0.573527,-0.344633,0.075499,0.099554,-0.197160,-0.313089,-0.408053,-0.198203,-0.455372,-0.385583,-0.242741,-0.291536,-0.264278,0.054252,-0.239972,-0.128529,-0.453989,-0.098872,-0.332832,-0.325410,-0.127142,-0.279104,-0.098280,-0.164556,-0.201936,0.283260,-0.402545,-0.654298,0.108738,-0.206698,0.301090,-0.087450,0.071801,-0.338478,0.166180,-0.095729,0.006454,-0.530263,-0.245477,-0.059878,0.351552,0.162465,-0.100917,0.179972,0.155010,0.071318,-0.274313,-0.037248,0.238031,-0.091231,-0.022381,-0.083818,-0.345453,-0.497830,-0.451157,-0.213240,-0.459329,-0.452457,-0.253930,-0.254728,0.007854,-0.097312,-0.317682,-0.360868,-0.359187,-0.310390,-0.233495,-0.259332,-0.478069,-0.508333,0.144231,-0.374354,-0.206342,-0.264090,-0.276660,-0.485629,0.396174,-0.129809,-0.007129,0.290463,0.039887,-0.127377,-0.254388,-0.501993,-0.149540,0.275588,0.053110,-0.178089,-0.318013,-0.185150,-0.217218,-0.023899,0.252348,0.010649,-0.396377,-0.125054,-0.560587,0.377673,-0.051039,-0.021075,-0.594522,-0.481347,-0.444308,0.181195,0.815443,-0.428180,-0.184406,-0.041380,0.166385,-0.469049,0.127683,-0.386508,-0.477674,0.157807
0.087995,0.038265,0.054550,-0.372498,-0.523855,0.258416,0.121999,-0.175002,0.767700,0.286988,0.468780,-0.278676,-0.493204,-0.630475,0.273256,0.116193,1.300108,0.947935,0.950842,0.182147,0.285455,0.000000,0.726547,0.264457,0.209388,0.564086,0.725824,1.038183,-0.214815,-0.086709,1.010691,0.150243,0.138952,0.366432,0.731912,0.091999,0.639285,0.629847,1.237670,1.122170,0.412657,1.187544,0.970822,1.075459,0.979265,1.126660,-0.144304,-0.797422,-0.093349,-0.228066,0.180913,-0.587498,-0.307697,-0.174187,-0.051144,-0.534918,-0.326816,-0.279696,-0.086137,-0.415044,0.393685,-0.596806,0.145753,0.495506,0.450383,0.314626,0.526793,-0.300388,0.266282,0.882389,0.289267,-0.527558,0.436879,-0.390510,0.489451,-0.355463,0.335821,-0.516328,-0.096726,-0.141096,0.499416,0.562617,0.239468,-0.453151,0.060228,0.628089,0.786785,0.813767,0.681348,0.852203,0.545207,0.852048,0.301962,0.197228,0.742329,0.536728,0.674723,0.289880,0.574559,0.658892,0.692306,0.248106,0.217610,0.017928,0.323763,-0.028194,0.479785,0.235363,-0.004580,-0.117338,0.163294,0.006725,0.260867,0.062295,-0.422885,0.343707,0.773174,-0.503771,0.066666,0.530047,0.113809,-0.294536,0.003532,0.375941,0.294833,0.622090,0.491008,0.113279,0.417884,0.291318,0.137854,0.555098,0.720815,-0.344453,0.486405,-0.161651,0.093375,-0.300696,0.483116,0.238430,-0.107126,-0.409381,-0.205652,-0.782757,-0.441818,-0.119996,-0.547734,-0.401124,-0.194039,-0.398014,-0.479235,-0.201486,-0.269026,-0.190735,-0.184629,-0.404064,-0.512401,-0.205675,-0.380201,-0.135856,-0.194992,-0.219599,-0.159725,0.022625,-0.202273,-0.069882,-0.510301,-0.075573,-0.395420,-0.248964,-0.124329,-0.200804,-0.100285,0.066437,-0.561651,0.213896,-0.422747,-0.358155,0.069392,-0.610467,0.354072,-0.025594,0.045814,-0.120488,0.593152,-0.329533,0.088546,-0.277218,-0.366394,-0.366873,-0.021915,-0.171763,-0.088097,0.016845,0.224531,-0.217777,-0.697381,0.088241,-0.139676,-0.346279,-0.547767,-0.052545,-0.668108,-0.470161,-0.650397,-0.812384,-0.776341,-0.697694,-0.714701,-0.370944,-0.005928,-0.149026,-0.479581,-0.715484,-0.743145,-0.540982,0.109107,-0.540002,-0.739191,-0.631299,-0.156069,0.312973,0.242817,0.410454,0.272451,-0.107813,0.136029,-0.407422,0.057172,0.166163,0.030944,-0.251303,-0.145204,-0.290275,-0.119024,-0.120039,0.129208,-0.269331,-0.356691,-0.448270,-0.480328,0.053295,-0.015247,-0.141793,-0.084714,-0.094033,-0.425001,0.426973,0.092582,0.077566,-0.513519,-0.775230,-0.125876,0.242872,0.171875,-0.509053,-0.426595,-0.198378,-0.102139,-0.524944,-0.022344,-0.718369,-0.210323,-0.236645
-0.180782,-0.190343,0.171105,-0.256789,-0.452998,0.541431,-0.136498,-0.445965,0.599547,0.500272,0.326827,-0.254180,-0.569054,-0.640236,0.205477,0.338287,0.778876,0.980924,1.126506,0.722556,0.570709,0.726547,0.000000,0.688511,0.644728,0.731123,0.593665,1.085708,-0.095233,0.401412,0.900995,0.349118,0.596681,0.997589,1.077350,0.342684,0.706066,0.830329,0.895941,1.162479,0.581444,0.975478,0.765013,0.925710,0.929899,0.693851,-0.101945,-0.582583,0.248712,-0.173034,0.296287,-0.386809,-0.030066,0.070277,0.019965,-0.470892,-0.372571,-0.505149,0.064723,-0.457606,0.134605,-0.476337,0.022081,0.315893,0.434568,0.174133,0.684837,-0.024665,0.676902,0.640968,0.031557,-0.228394,0.469351,-0.278375,0.121111,0.126585,0.114552,-0.572377,-0.335283,-0.350111,0.074427,0.241447,-0.055846,-0.417921,-0.090529,0.397764,0.687608,0.706107,0.518108,0.596973,0.500765,0.573048,0.105244,0.410450,0.433169,0.251409,0.616147,0.168469,0.461965,0.296371,0.404269,0.079405,-0.007265,0.135949,0.332819,-0.471726,0.551083,0.245060,0.484192,0.258997,0.213009,-0.231414,0.361649,0.179026,-0.459963,0.356126,0.345871,-0.420963,0.165893,0.470677,0.107429,-0.087017,-0.177879,0.261012,0.158241,0.289124,0.365274,-0.021990,0.237545,-0.084447,0.013930,0.323986,0.651772,-0.196079,0.114936,-0.120576,-0.111170,-0.165780,0.120596,0.259789,-0.469415,-0.758818,-0.411627,-0.462940,-0.594546,-0.201443,-0.425471,-0.485213,-0.370176,-0.346191,-0.562385,-0.399283,-0.205044,0.181947,-0.159968,-0.143483,-0.439617,-0.371347,-0.450601,-0.287523,-0.166928,-0.427565,-0.268466,0.088642,-0.397426,-0.072325,-0.563665,-0.258561,-0.349341,-0.355474,-0.421564,-0.491425,-0.336002,0.101578,-0.481111,0.398075,-0.587515,-0.503650,0.055490,-0.151427,0.222764,0.193496,-0.131532,-0.462432,0.509309,-0.322289,0.205105,-0.555649,-0.394821,-0.123837,0.302139,0.009092,-0.064095,0.032569,0.102244,-0.186207,-0.429444,-0.142481,0.161901,-0.151027,-0.105249,0.030046,-0.514694,-0.659702,-0.477000,-0.415216,-0.695260,-0.588760,-0.384565,-0.576392,0.067301,-0.018935,-0.161488,-0.366117,-0.406988,-0.331213,0.021682,-0.225383,-0.557905,-0.617716,0.153375,0.169128,0.196668,0.030975,0.043793,0.022966,0.524208,-0.141599,-0.050739,0.338749,-0.127238,-0.261625,-0.162390,-0.559578,-0.365545,0.403729,0.222026,-0.267055,-0.533455,-0.186638,-0.402546,-0.054648,0.121616,-0.469648,-0.337704,-0.373050,-0.428246,0.544726,0.037795,0.021333,-0.614155,-0.452921,-0.311119,0.161178,0.452726,-0.512697,-0.033550,-0.158972,0.352860,-0.730588,0.374516,-0.559714,-0.268631,0.070881
-0.356598,-0.411276,0.271155,-0.141237,-0.342620,0.541351,-0.093953,-0.129502,0.518904,0.547998,0.274488,-0.191732,-0.495751,-0.480574,0.345125,0.681986,0.309571,0.397587,0.367416,0.873678,0.693781,0.264457,0.688511,0.000000,0.870783,0.773728,0.670751,0.387715,0.427521,0.613486,0.331304,0.233142,0.555827,0.648574,0.554944,0.669945,0.738813,0.431474,0.358977,0.433883,0.981549,0.321695,0.464723,0.317722,0.263960,0.212722,0.436391,-0.181002,0.554913,-0.201800,0.146097,-0.004533,0.289188,0.621020,0.196851,-0.131639,-0.181157,-0.108864,0.209502,0.037260,0.260662,-0.156599,0.212742,0.478220,0.544124,0.320510,0.377062,0.338702,0.990832,0.358410,0.225280,0.143921,0.418300,-0.199435,0.153067,0.135118,0.314624,-0.518366,-0.486887,-0.302926,-0.038975,0.213880,0.195325,-0.242463,0.275461,0.152845,0.375896,0.379318,0.314450,0.356227,0.451334,0.434227,-0.040108,0.082672,0.316140,0.016237,0.380681,-0.083121,0.119449,0.097368,0.163203,-0.173236,-0.096338,-0.043358,0.285070,-0.545845,0.222641,0.128440,0.469229,0.246340,0.132969,-0.508830,0.329203,-0.002172,-0.438339,0.400102,0.136851,-0.359295,0.319094,0.177726,-0.302776,-0.160741,-0.120288,0.073480,-0.096495,0.354280,0.357961,0.165128,-0.153309,-0.093167,-0.226057,0.375070,0.344747,-0.319098,0.001959,-0.327252,-0.230877,-0.110521,-0.060502,0.212252,-0.489138,-0.419138,-0.210463,-0.288465,-0.177973,-0.049379,-0.292539,-0.126522,-0.152987,-0.129191,-0.313339,-0.057924,0.063497,0.288640,0.024809,-0.054429,-0.260819,-0.250106,-0.105868,-0.003706,-0.112317,-0.075758,0.032739,0.094222,-0.054036,0.016952,-0.146629,-0.452341,-0.204004,-0.087722,-0.459382,-0.355192,-0.347297,-0.094824,-0.414796,0.356850,-0.744273,-0.565428,-0.003574,-0.183139,0.349503,0.183237,0.171280,-0.376255,0.302059,-0.132599,-0.037502,-0.308741,-0.212426,-0.136426,0.163061,-0.029134,-0.142726,0.001173,-0.060408,-0.119528,-0.366448,-0.227109,0.224846,-0.242617,-0.294248,-0.090831,-0.268992,-0.700361,-0.380544,-0.360349,-0.448973,-0.394592,-0.167061,-0.207452,0.341740,0.012565,0.004304,-0.135520,-0.262794,0.035855,0.196016,-0.328076,-0.376413,-0.167496,-0.038286,-0.115744,-0.043792,0.043528,0.065057,-0.081953,0.475016,-0.047517,0.315002,0.494074,0.225475,-0.148129,-0.232690,-0.421883,-0.256985,0.494056,0.393330,0.040562,-0.450162,0.023849,-0.286593,-0.087849,0.082125,-0.033871,-0.270471,-0.214481,-0.050160,0.519702,-0.365906,0.101619,-0.491895,-0.266247,-0.322698,0.437683,0.402051,-0.392106,-0.141706,-0.057282,0.181215,-0.520266,0.202282,-0.395541,-0.282959,0.144349
-0.175019,-0.222841,0.127739,-0.171968,-0.394042,0.558290,-0.003864,-0.255894,0.598102,0.376135,0.402899,-0.384439,-0.555001,-0.576553,0.194449,0.927625,0.352383,0.342550,0.411507,0.744528,1.064296,0.209388,0.644728,0.870783,0.000000,0.925302,0.708831,0.401872,0.327817,0.685629,0.353120,0.434823,0.474033,0.585108,0.517085,0.938967,0.811462,0.887513,0.287036,0.426408,0.951957,0.350214,0.642901,0.433628,0.384414,0.369347,0.113975,-0.242755,0.819539,-0.262599,0.290765,-0.117961,0.422400,0.673157,0.050542,-0.152300,-0.342649,-0.317312,0.056400,-0.084113,0.041757,-0.285572,0.184327,0.459277,0.623559,0.232908,0.677815,0.131995,1.061166,0.466834,0.245540,0.168722,0.332441,-0.376005,0.104105,0.076974,0.230510,-0.388097,-0.449618,-0.360387,-0.145515,0.194752,0.373479,-0.297599,0.361723,0.184382,0.379313,0.450784,0.438755,0.454187,0.386944,0.406197,-0.047033,0.396598,0.263174,0.109241,0.532525,-0.046672,0.177191,0.036034,0.320165,0.154754,-0.245652,-0.032985,0.452411,-0.419699,0.417627,0.357475,0.458921,0.348056,0.236211,-0.187215,0.564872,0.335268,-0.412729,0.428652,0.263669,-0.300825,0.372492,0.307485,-0.090122,0.098672,0.073120,0.053743,-0.033731,0.195825,0.222931,0.156312,0.004817,-0.079534,-0.048927,0.566806,0.487060,0.073152,0.171877,0.005457,-0.217887,-0.277501,-0.064305,0.214230,-0.289272,-0.533770,-0.294424,-0.352819,-0.318139,-0.172556,-0.485675,-0.305428,-0.403697,-0.332612,-0.380593,-0.279519,0.136242,0.299056,-0.242692,-0.201280,-0.470937,-0.379682,-0.221706,-0.283120,-0.338166,-0.343114,-0.123335,0.027839,-0.248397,-0.067750,-0.357390,-0.139713,-0.458482,-0.271371,-0.443731,-0.237457,-0.346044,-0.086368,-0.271277,0.196850,-0.595523,-0.651097,-0.073453,-0.242026,0.367891,-0.067190,-0.015221,-0.480794,0.252734,-0.237590,0.026503,-0.664238,-0.205408,-0.020265,0.223344,0.272662,-0.090933,0.125449,-0.017951,0.078770,-0.308392,-0.222965,0.365557,-0.118703,-0.174724,-0.067827,-0.291648,-0.605034,-0.571973,-0.294058,-0.400237,-0.568562,-0.276464,-0.272974,0.256228,0.183252,-0.110226,-0.155661,-0.172392,-0.090585,0.055696,-0.027965,-0.422550,-0.416576,0.333746,-0.188673,-0.231489,-0.183608,-0.124898,-0.289109,0.359857,-0.287619,0.236227,0.510609,0.206933,-0.128962,-0.284583,-0.324919,-0.172665,0.496659,0.511686,-0.077467,-0.289472,-0.068703,-0.407849,-0.249651,0.173174,0.073844,-0.324324,-0.091600,-0.532804,0.620021,-0.129898,0.038072,-0.665605,-0.477163,-0.595510,0.321777,0.546285,-0.542624,-0.107179,-0.113512,0.098488,-0.545673,0.149416,-0.490863,-0.459446,0.063271
0.029110,-0.025985,0.208635,-0.324691,-0.420356,0.572321,-0.175209,-0.283570,0.639902,0.435753,0.555113,-0.270843,-0.760554,-0.840225,0.079311,0.698089,0.580795,0.560545,0.550837,0.723963,1.544464,0.564086,0.731123,0.773728,0.925302,0.000000,1.049694,0.665427,0.049328,0.409129,0.561157,0.185535,0.638548,0.459273,0.593487,1.125146,1.303050,0.726968,0.564847,0.670134,0.759314,0.471644,0.550780,0.503139,0.488853,0.542246,-0.141597,-0.462712,0.294984,-0.402832,0.137616,-0.227058,0.059984,0.378912,-0.134206,-0.435301,-0.532418,-0.542509,-0.072285,-0.317077,0.027599,-0.458319,0.080098,0.283383,0.345195,0.092518,0.695954,-0.157794,0.763732,0.354242,0.022491,-0.081846,0.284723,-0.236796,0.182796,-0.090963,0.176004,-0.294955,-0.249683,-0.452271,0.039691,0.427915,0.261991,-0.510777,0.251209,0.471891,0.591904,0.651320,0.417974,0.574159,0.555765,0.499802,-0.068424,0.301228,0.322128,0.321307,0.489326,0.121573,0.333346,0.266750,0.365915,0.311189,0.048084,0.044553,0.370673,-0.294407,0.298065,0.212462,0.279779,0.140283,0.213815,-0.207847,0.307132,0.002916,-0.417019,0.265095,0.421491,-0.462767,0.337978,0.405834,0.020132,-0.195482,-0.080623,0.096338,-0.035634,0.294988,0.359019,0.113911,0.267707,0.062767,0.014047,0.518421,0.545451,-0.119662,0.097710,-0.197989,-0.065621,-0.408880,0.319227,0.341198,-0.144100,-0.457517,-0.255241,-0.545872,-0.415368,-0.082686,-0.515239,-0.354965,-0.315215,-0.405458,-0.652341,-0.265075,0.082473,0.070842,-0.273452,-0.345924,-0.519638,-0.266032,-0.431841,-0.293311,-0.188247,-0.380690,-0.222745,0.029700,-0.270256,-0.130114,-0.463398,-0.167295,-0.394436,-0.302056,-0.196640,-0.367093,-0.123569,-0.108045,-0.388709,0.296308,-0.563236,-0.698019,0.048706,-0.367785,0.368183,-0.134975,0.098516,-0.324172,0.291036,-0.213423,0.057765,-0.533951,-0.257102,-0.192834,0.262354,0.045227,-0.166055,0.088487,0.156129,0.020921,-0.432443,-0.054656,0.119564,-0.212428,-0.189545,-0.097717,-0.511191,-0.586811,-0.636762,-0.430337,-0.610768,-0.607606,-0.402377,-0.283682,0.109085,-0.138353,-0.386908,-0.513859,-0.562129,-0.348889,-0.179056,-0.346630,-0.523879,-0.608039,0.056125,-0.203770,-0.079770,-0.050678,-0.183152,-0.387737,0.412450,-0.163892,0.073930,0.233075,0.028726,-0.255149,-0.257728,-0.554560,-0.194661,0.271149,0.121504,-0.203030,-0.400377,-0.252612,-0.317167,0.032328,0.147594,-0.080012,-0.337225,-0.184171,-0.476892,0.451771,-0.017495,0.044486,-0.698830,-0.607175,-0.349930,0.305191,0.713793,-0.543063,-0.306459,-0.131621,0.154404,-0.634723,0.094295,-0.581839,-0.516554,0.064524
-0.048411,-0.079066,0.050703,-0.359920,-0.736740,0.509550,0.057204,-0.071069,1.292417,0.230638,0.567147,-0.364352,-0.643173,-1.011283,0.334846,0.478640,0.754638,0.798888,0.665546,0.527254,0.754637,0.725824,0.593665,0.670751,0.708831,1.049694,0.000000,0.711612,-0.110192,0.154941,0.632013,0.200883,0.413734,0.192525,0.534337,0.504031,1.351116,0.714154,0.793955,0.739192,0.609010,0.642644,0.796130,0.623136,0.556610,0.738652,-0.068791,-0.617647,0.121657,-0.443837,-0.021900,-0.551263,-0.119680,0.168577,-0.014768,-0.458100,-0.478228,-0.378340,0.038202,-0.244512,0.445837,-0.489386,0.374950,0.755729,0.772907,0.483015,0.848727,-0.062033,0.745873,0.754298,0.433847,-0.246242,0.710119,-0.502325,0.544958,-0.362439,0.413488,-0.415718,-0.184749,-0.424729,0.454652,0.764724,0.470313,-0.408866,0.260462,0.725447,0.801125,0.844565,0.792752,0.831942,0.805072,1.008764,0.184136,0.328799,0.705472,0.595104,0.774993,0.342529,0.500508,0.633430,0.567100,0.397393,0.139071,0.092810,0.489814,-0.063259,0.341436,0.301562,0.069633,-0.036000,0.284689,-0.036354,0.470113,0.211905,-0.495610,0.672227,0.821399,-0.398009,0.217443,0.500514,0.126605,-0.217287,0.187344,0.229211,0.103523,0.491893,0.553010,0.514409,0.356897,0.321794,0.133207,0.614025,0.927669,-0.032563,0.411088,-0.185484,0.106454,-0.298904,0.521194,0.215963,-0.077453,-0.577409,-0.314868,-0.852110,-0.515229,-0.263534,-0.812931,-0.500199,-0.323949,-0.643146,-0.585557,-0.283279,0.090904,-0.021213,-0.346926,-0.478667,-0.740078,-0.404951,-0.407170,-0.216427,-0.226687,-0.374592,-0.244760,-0.001903,-0.194808,-0.258775,-0.564304,-0.286712,-0.548781,-0.334274,-0.325688,-0.237307,-0.140998,0.040498,-0.675862,0.020762,-0.569925,-0.593306,-0.151785,-0.703275,0.656516,-0.144187,0.170438,-0.204620,0.447820,-0.470518,0.034403,-0.475846,-0.297835,-0.413886,-0.019622,0.035066,-0.263112,-0.051622,0.226271,0.119098,-0.513454,0.028513,-0.055277,-0.335198,-0.551518,-0.107159,-0.709244,-0.548672,-1.032777,-0.904817,-0.645440,-0.911644,-0.812446,-0.234780,0.245670,-0.057464,-0.477823,-0.437345,-0.669876,-0.427733,0.111956,-0.267964,-0.505528,-0.585228,0.190872,0.067871,0.135608,0.298821,0.065233,-0.225057,0.225603,-0.377505,0.399299,0.322138,0.302741,-0.353700,-0.172306,-0.323022,-0.068283,0.184690,0.478361,-0.064676,-0.196263,-0.298220,-0.527930,-0.031452,-0.134658,-0.058623,-0.060862,-0.055480,-0.379165,0.512132,0.093674,0.301869,-0.876034,-0.771730,-0.384750,0.586567,0.159304,-0.920547,-0.462606,-0.476705,-0.189199,-0.770507,-0.110066,-0.878379,-0.620025,-0.398465
0.002587,-0.120946,-0.036765,-0.305310,-0.474298,0.464147,0.044171,-0.353300,0.827916,0.329768,0.323935,-0.306388,-0.707150,-0.575975,0.205023,0.153125,1.092690,1.385744,1.492146,0.448150,0.429617,1.038183,1.085708,0.387715,0.401872,0.665427,0.711612,0.000000,-0.315008,0.239489,1.239817,0.349395,0.375630,0.675678,1.011121,0.134169,0.564074,0.800955,1.339558,1.354952,0.407330,1.007208,0.721358,0.958744,0.821657,0.913383,-0.112000,-0.675444,-0.007969,-0.302750,-0.056907,-0.482705,-0.156351,-0.089836,-0.058544,-0.485675,-0.223786,-0.418989,-0.119100,-0.514622,0.268983,-0.674033,0.216465,0.334927,0.508020,0.314738,0.770632,-0.134989,0.463029,0.888857,0.287354,-0.411077,0.579123,-0.291544,0.315264,-0.169151,0.125166,-0.429444,-0.051388,-0.447054,0.410812,0.654385,0.156164,-0.568130,-0.139005,0.806269,0.934142,0.874944,0.673882,0.751663,0.476330,0.736845,0.183539,0.168082,0.581473,0.614539,0.666266,0.485773,0.738128,0.599087,0.488014,0.400856,0.334432,0.273494,0.272086,-0.162134,0.403038,0.173216,0.125120,-0.047415,0.187752,-0.011079,0.292405,0.115809,-0.429718,0.464246,0.814465,-0.473473,0.129594,0.833756,0.279244,-0.357881,-0.158920,0.335898,0.315316,0.340015,0.590598,0.103433,0.626447,0.004775,0.362576,0.306438,0.744686,-0.266918,0.231198,-0.186293,0.168246,-0.164833,0.471035,0.307032,-0.104669,-0.516493,-0.351927,-0.600751,-0.528253,-0.175033,-0.410622,-0.496067,-0.375227,-0.475766,-0.558265,-0.348744,-0.039068,-0.017658,-0.270481,-0.245675,-0.498588,-0.306014,-0.369184,-0.256010,-0.228786,-0.400522,-0.319413,0.244458,-0.277225,-0.088056,-0.596794,-0.111194,-0.387298,-0.312944,-0.325169,-0.147157,-0.258513,0.297633,-0.611886,0.253633,-0.559898,-0.635094,0.019412,-0.470827,0.124028,-0.102047,-0.102908,-0.206607,0.474432,-0.406026,0.422798,-0.613692,-0.577185,-0.312887,0.077015,-0.225194,-0.247430,-0.154112,0.203211,-0.074330,-0.602662,-0.030937,-0.110534,-0.232803,-0.320825,-0.009244,-0.900308,-0.677300,-0.685190,-0.773558,-0.752373,-0.823321,-0.756614,-0.535216,-0.095854,-0.233091,-0.463884,-0.606051,-0.798650,-0.488569,-0.106124,-0.474605,-0.588195,-0.839102,-0.090444,0.257846,0.470880,0.235930,0.237934,-0.164747,0.495470,-0.189699,0.082982,0.373221,0.106145,-0.215455,0.007957,-0.526754,-0.371792,0.220598,0.221622,-0.270437,-0.472252,-0.343691,-0.448583,0.130353,-0.021912,-0.321599,-0.187623,-0.397379,-0.543434,0.537746,0.172050,0.104032,-0.891569,-0.579442,-0.207767,0.326659,0.328139,-0.558942,-0.030010,-0.166407,0.161460,-0.755523,0.079494,-0.544620,-0.221302,-0.123556
-0.034837,-0.020845,0.209090,-0.137212,0.145567,-0.219141,-0.130863,0.201787,-0.172577,0.085618,-0.156324,0.099903,0.068775,0.266605,0.259216,0.352393,-0.291543,-0.397301,-0.360388,-0.006769,0.185888,-0.214815,-0.095233,0.427521,0.327817,0.049328,-0.110192,-0.315008,0.000000,0.147261,-0.374806,0.097649,-0.059701,0.201811,-0.135968,0.338519,0.026204,-0.167456,-0.302559,-0.223876,0.691109,-0.228537,0.014788,-0.164187,-0.175883,-0.291774,0.643469,0.392377,0.541929,-0.089061,0.346620,0.407717,0.476162,0.886754,0.244052,0.390053,0.333147,0.552563,-0.004410,0.480167,-0.010189,0.327390,-0.095227,0.112227,0.111126,0.108726,-0.072532,0.398613,0.115571,-0.201319,0.155262,0.590969,-0.196422,0.077185,-0.217746,0.304563,-0.022009,-0.005237,-0.142606,-0.019870,-0.204767,-0.189419,0.153628,0.344084,0.372355,-0.429776,-0.338881,-0.308336,-0.282894,-0.275415,-0.222905,-0.175530,-0.333981,-0.317694,-0.240449,-0.408365,-0.214673,-0.342055,-0.185658,-0.256369,-0.213960,-0.351374,-0.106677,-0.055088,-0.033854,-0.228512,-0.081979,-0.021048,0.220507,0.178137,0.066285,-0.332508,0.013471,-0.139395,0.031816,-0.107942,-0.360850,0.067922,-0.021996,-0.304651,-0.424869,-0.088817,0.053670,-0.341620,-0.329610,-0.055915,-0.149158,-0.007490,-0.232373,-0.084622,-0.260550,0.048321,-0.286402,-0.165220,-0.249681,-0.011556,-0.129804,0.139887,-0.335519,-0.096529,-0.045460,0.120689,0.138640,0.240944,0.264579,0.143396,0.167204,0.274383,0.146464,0.259884,0.265464,0.255192,0.212576,0.235170,0.300467,0.163426,0.214547,0.064426,0.155414,0.091488,0.089716,0.360993,0.250151,0.062699,-0.031254,0.042805,0.269635,-0.001322,0.160146,0.189201,0.043213,-0.105557,0.075653,-0.268370,0.001196,-0.037828,-0.092394,-0.189883,-0.083275,0.207777,0.008793,0.193199,0.145916,0.031866,-0.288286,0.189591,-0.178713,0.079475,0.086127,-0.116574,-0.102847,-0.149515,-0.172529,-0.160324,-0.215361,-0.333036,0.031356,-0.254549,0.150989,-0.120345,-0.219409,-0.323443,0.478708,-0.073929,0.212607,0.072168,0.105571,0.093368,0.222639,0.215145,0.317384,0.372111,0.243094,0.194911,0.329995,0.350637,0.299165,0.001045,0.085366,0.275741,-0.172954,-0.312905,-0.284000,0.150978,0.162537,0.081708,0.166834,-0.079763,0.294123,0.378083,0.294794,0.448625,-0.017634,-0.003047,0.004450,0.107914,0.139729,0.300497,-0.024091,0.242119,0.164992,-0.026417,0.163239,0.292950,-0.045423,0.086352,0.232512,-0.122202,-0.451142,0.152087,0.075388,0.205903,-0.255489,-0.180450,0.063762,0.036234,0.093668,0.173820,-0.098985,0.069439,-0.090263,0.151052,-0.154274,0.181164
-0.530108,-0.747727,-0.090237,0.250851,0.066678,0.627852,0.070846,-0.197898,0.179339,0.278488,0.057923,-0.439022,-0.472868,-0.072210,-0.264797,0.376134,0.116932,0.188479,0.321905,0.870944,0.513843,-0.086709,0.401412,0.613486,0.685629,0.409129,0.154941,0.239489,0.147261,0.000000,0.337880,0.028594,0.757754,0.521324,0.243980,0.444926,0.110701,0.244212,0.148397,0.142517,0.354264,0.182765,0.122195,0.213608,0.170780,0.134804,0.147231,-0.102094,0.368323,0.008510,-0.113354,0.139764,0.306639,0.313470,-0.116497,-0.189111,-0.064093,-0.255927,0.267985,-0.174955,-0.095140,-0.346652,0.248514,-0.009428,0.156392,0.000323,0.072136,0.064158,0.499945,0.213909,0.034623,-0.022905,0.197308,-0.016059,0.044159,0.092341,0.128625,-0.310405,-0.393498,-0.314888,-0.242937,0.054755,-0.058158,-0.287239,-0.098291,0.196644,0.250092,0.196406,0.094958,0.081530,0.079433,0.011942,-0.111819,0.127927,0.008484,-0.029400,0.084687,0.031101,-0.106222,-0.184431,-0.170956,-0.047389,-0.193671,-0.001019,-0.099697,-0.462603,0.083568,-0.210262,0.265391,0.072721,-0.265529,-0.112839,0.146930,0.151540,-0.507832,0.197204,0.094482,0.015818,0.362737,0.424005,-0.380976,-0.132882,-0.437014,0.083837,0.169699,0.016185,0.360633,-0.217523,-0.157954,-0.553216,-0.065991,0.047531,0.168594,-0.163767,-0.143873,-0.295162,-0.144704,-0.180969,-0.350890,0.422941,-0.467061,-0.038275,-0.023443,0.178135,0.132238,0.312396,0.268295,0.125097,0.102991,0.255071,0.014753,0.082473,0.117505,0.292065,0.312477,0.374307,0.245136,0.178611,0.210412,0.086371,0.103552,0.185650,0.161428,0.413719,0.272834,0.479038,0.148784,-0.295602,0.265328,0.190322,-0.435415,0.133206,-0.369103,0.281250,-0.098527,0.566588,-0.496105,-0.519348,0.301434,-0.019021,-0.075542,-0.194798,-0.086844,-0.527970,0.285751,-0.049544,0.183644,-0.569164,-0.491209,0.247058,0.477757,0.059487,0.012766,0.197467,0.116282,0.269770,-0.016579,-0.078260,0.327361,0.073210,0.272973,0.340949,-0.261833,-0.773984,-0.105191,0.059969,-0.384074,-0.064182,0.078045,-0.379536,-0.109488,-0.324480,0.287463,0.137275,-0.269135,0.103570,-0.350292,0.043528,-0.307927,-0.321941,-0.005857,-0.295491,-0.063003,-0.526657,-0.204292,-0.264480,0.315630,0.277138,-0.060052,0.363418,0.146859,-0.165009,-0.071991,-0.299382,-0.547646,0.358418,0.047050,-0.375889,-0.542315,-0.168548,-0.341924,-0.017186,0.339612,0.087750,-0.389277,-0.167238,-0.353193,0.678861,-0.348459,-0.224672,-0.444705,-0.203967,-0.151005,0.315162,0.727687,0.088341,0.389716,0.521565,0.673764,-0.104866,0.488671,0.039966,0.244443,0.640180
-0.243680,-0.335859,-0.213467,-0.113322,-0.217623,0.603626,0.295343,-0.346714,0.813761,0.214825,0.264950,-0.539765,-0.935221,-0.526855,-0.151688,0.019146,1.421239,1.106792,1.487191,0.516936,0.386062,1.010691,0.900995,0.331304,0.353120,0.561157,0.632013,1.239817,-0.374806,0.337880,0.000000,-0.039122,0.464240,0.558215,0.775896,0.120301,0.462944,0.659679,1.637683,1.333766,0.277609,1.267516,0.767082,1.338067,1.191821,1.350492,-0.298162,-1.113895,-0.162336,-0.191377,-0.036401,-0.529630,-0.365208,-0.290229,-0.287263,-0.816843,-0.258388,-0.558486,-0.075098,-0.864851,0.243673,-1.092377,0.135550,0.206325,0.312761,0.076396,0.454112,-0.364554,0.304912,0.907964,0.144101,-0.842089,0.574502,-0.421258,0.451862,-0.357266,0.323824,-0.681645,-0.302971,-0.306956,0.357002,0.439231,0.073592,-0.607353,-0.134867,0.813859,0.971998,0.926727,0.609446,0.737587,0.434013,0.657661,0.206848,0.361706,0.582309,0.580286,0.659395,0.428328,0.463792,0.626279,0.481472,0.150279,0.082335,0.039049,0.076403,-0.021638,0.510647,0.008583,-0.026720,-0.208847,-0.148280,0.168197,0.204204,0.247788,-0.840075,0.522665,0.759129,-0.366994,0.225273,0.983288,0.081673,-0.255641,-0.401243,0.466633,0.607153,0.499699,0.759859,-0.188472,0.349278,-0.178817,0.177748,0.354265,0.812421,-0.456981,0.339228,-0.406550,0.079954,-0.436053,0.173288,0.401705,-0.347811,-0.463696,-0.247028,-0.559866,-0.394711,0.060184,-0.282365,-0.432435,-0.062982,-0.245061,-0.416214,-0.205547,-0.356557,-0.186542,0.031364,-0.095143,-0.300843,0.019557,-0.379017,-0.173934,-0.068317,-0.124396,-0.157424,0.267562,-0.049260,0.167372,-0.414330,-0.276406,-0.182031,-0.165575,-0.356188,-0.055729,-0.262684,0.403500,-0.463894,0.600653,-0.515803,-0.504282,0.281442,-0.373232,0.256244,-0.325011,-0.156496,-0.443008,0.811897,-0.356842,0.230638,-0.686134,-0.695262,0.005808,0.317711,0.000965,0.079554,0.194510,0.523030,0.159708,-0.442716,0.266645,0.020731,0.030768,-0.072411,0.385461,-1.112360,-0.792890,-0.603809,-0.472154,-1.219591,-0.527930,-0.549557,-0.802027,-0.343707,-0.509558,-0.242480,-0.442914,-0.944510,-0.752964,-0.169982,-0.355457,-0.987922,-1.114958,-0.129762,0.256438,0.303818,0.038424,0.045170,-0.075484,0.129292,-0.145887,-0.163352,0.296641,0.038531,-0.289708,-0.174933,-0.226153,-0.590366,-0.025824,0.031201,-0.672207,-0.776332,-0.767839,-0.774821,0.073892,0.247178,-0.123826,-0.084479,-0.103523,-0.697445,0.707285,0.013713,-0.108566,-0.749156,-0.915351,-0.071451,0.365270,0.467262,-0.401910,-0.122080,0.099683,0.249180,-0.564476,0.402614,-0.437396,0.029468,0.120797
0.105851,0.025098,0.328893,-0.417015,-0.567922,0.056557,-0.101092,-0.274965,0.246365,0.538743,0.141115,0.148060,-0.002153,-0.196533,0.718912,0.446320,0.013926,0.362330,0.290606,0.124997,0.154265,0.150243,0.349118,0.233142,0.434823,0.185535,0.200883,0.349395,0.097649,0.028594,-0.039122,0.000000,-0.127926,0.309529,0.498725,0.130775,0.238045,0.682398,0.057121,0.241413,0.379522,0.100976,0.361938,0.105113,0.045837,-0.000925,0.397306,0.227117,0.718318,-0.075913,0.268696,0.082410,0.747599,0.463930,0.678948,0.380124,0.028849,0.126927,-0.093263,0.329533,-0.019977,0.208081,0.248617,0.396368,0.593378,0.489164,0.543860,0.499297,0.609194,0.358968,0.365125,0.574108,0.205146,0.106475,0.053254,0.296264,-0.190083,-0.049210,0.022756,-0.116933,-0.108936,0.220376,0.270682,-0.175035,0.114712,-0.067493,0.189089,0.196645,0.372199,0.259567,0.136000,0.349519,0.168906,-0.057359,0.262890,0.040037,0.503379,-0.131549,0.413629,-0.116381,0.375052,0.292229,0.127447,0.069258,0.798440,-0.630440,0.232949,0.681247,0.503432,0.503342,0.732410,-0.420111,0.466150,-0.037582,0.316054,0.183094,0.163813,-0.432643,0.034557,0.047201,0.243871,0.138118,0.370644,0.003697,-0.125879,-0.021033,-0.202843,0.559681,0.256170,0.152322,0.183298,0.284831,0.220656,0.243375,0.038678,0.533097,-0.192271,0.087406,0.293442,0.165520,0.087787,-0.185764,-0.343806,-0.071788,-0.366613,-0.468735,-0.345824,-0.245621,-0.604910,-0.294915,-0.251274,-0.395677,0.404152,0.662959,-0.490187,-0.255842,-0.448873,-0.684849,-0.106675,-0.161493,-0.411297,-0.583788,-0.293550,0.052132,-0.259752,-0.330489,-0.480457,0.279346,-0.510834,-0.280707,-0.289327,-0.019616,-0.400765,-0.306490,-0.116089,-0.410851,-0.428682,-0.345577,-0.366099,-0.318892,-0.161854,0.375748,-0.149339,-0.001182,-0.202938,-0.164973,0.282312,-0.154115,0.101817,-0.494752,-0.424040,-0.216039,-0.383468,-0.386564,-0.910989,-0.545692,-0.537210,-0.937853,-0.025822,-0.694501,-0.543840,-0.780995,0.052268,-0.179474,-0.144915,-0.427936,0.183149,-0.733359,-0.373421,0.153666,0.370884,0.597136,-0.254566,-0.364769,0.185921,0.265607,0.275164,-0.191606,0.107943,0.085015,0.298937,0.124738,0.089375,0.132245,0.317074,-0.271202,0.458539,-0.231097,0.526755,0.397669,0.208870,-0.100941,0.258069,-0.348708,0.218176,0.585079,0.701440,0.421401,0.238362,0.528221,0.126546,-0.245349,-0.231345,-0.298008,-0.350589,-0.494853,-0.097162,0.194725,0.042847,0.241189,-0.345611,0.138350,-0.230463,0.202734,-0.051040,-0.310421,0.227327,-0.494325,-0.125174,-0.382880,-0.458310,-0.294234,-0.359535,-0.350950
-0.484925,-0.420180,-0.124094,-0.035111,0.014553,0.517816,0.034577,-0.402881,0.339231,0.349408,0.197412,-0.453602,-0.608030,-0.288684,-0.284021,0.153856,0.205328,0.387161,0.442743,1.295431,0.519303,0.138952,0.596681,0.555827,0.474033,0.638548,0.413734,0.375630,-0.059701,0.757754,0.464240,-0.127926,0.000000,0.298904,0.160886,0.391432,0.425999,0.245390,0.356601,0.359092,0.224096,0.383665,0.098174,0.308896,0.343534,0.257666,-0.095211,-0.481512,0.014139,-0.128176,-0.051322,-0.243109,-0.061517,0.088094,-0.095934,-0.543920,-0.298351,-0.503583,0.300291,-0.526478,0.170101,-0.523175,0.072183,0.042628,0.170192,-0.061704,0.215371,-0.145505,0.506123,0.202251,-0.110520,-0.111504,0.307455,-0.064727,0.081056,-0.117680,0.221649,-0.466710,-0.435794,-0.224236,0.055836,0.059938,-0.214209,-0.440757,-0.236150,0.331317,0.391976,0.396431,0.124247,0.246468,0.313745,0.200815,0.092876,0.370686,0.176777,0.027342,0.153729,0.176126,-0.015760,0.058615,-0.017934,-0.012202,-0.180915,0.179964,-0.048154,-0.233738,0.185976,-0.138563,0.096468,-0.032141,-0.198171,0.026506,0.166126,0.233822,-0.597428,0.148999,0.092837,-0.110507,0.082006,0.449049,-0.030407,-0.127563,-0.455214,0.363775,0.285460,0.228686,0.335088,-0.316490,-0.066615,-0.465584,-0.214240,0.034090,0.361155,-0.240492,-0.081640,-0.396847,-0.159486,-0.137546,-0.158171,0.410010,-0.423990,-0.329851,0.100534,0.075309,0.076804,0.386784,0.119751,0.115782,-0.066544,0.135807,-0.028678,0.195889,-0.026347,0.178551,0.214567,0.417477,0.100900,0.143429,0.060275,0.132205,0.378559,-0.037095,0.208538,0.151428,0.055923,0.395777,0.139308,-0.510333,0.207375,0.238108,-0.539930,-0.212656,-0.256778,0.232017,-0.378441,0.673179,-0.592251,-0.342250,0.190050,-0.031900,0.109603,-0.219527,-0.246700,-0.624539,0.298803,-0.267399,0.056761,-0.494040,-0.492702,0.169117,0.623144,0.060224,0.125161,0.193192,0.332136,0.223996,-0.088849,0.068553,0.197875,0.071445,0.227849,0.414600,-0.388358,-0.660868,-0.255943,-0.097789,-0.622181,-0.168044,-0.110934,-0.534409,-0.011794,-0.288825,0.257105,-0.040254,-0.421298,-0.066047,-0.320653,0.171501,-0.285200,-0.522546,0.015696,0.041313,0.077889,-0.166266,-0.098361,0.117098,0.157674,0.089647,-0.074931,0.113274,-0.010644,-0.213465,-0.095887,-0.269840,-0.610378,0.258410,-0.011791,-0.426017,-0.691405,-0.271902,-0.443490,-0.040474,0.191273,-0.031485,-0.075545,-0.173395,-0.164556,0.553335,-0.172244,-0.091684,-0.340519,-0.279468,0.007662,0.303485,0.594235,-0.042431,0.038284,0.237251,0.874514,-0.225389,0.709899,-0.162757,0.045979,0.399950
-0.176286,-0.230705,0.342692,-0.113435,-0.043432,0.477875,-0.194285,-0.378328,0.215169,0.402934,0.164553,-0.134568,-0.462797,-0.310413,0.100373,0.363884,0.419280,0.518263,0.659234,0.470553,0.474248,0.366432,0.997589,0.648574,0.585108,0.459273,0.192525,0.675678,0.201811,0.521324,0.558215,0.309529,0.298904,0.000000,0.913974,0.389039,0.329370,0.488853,0.483239,0.634258,0.630379,0.483566,0.418453,0.523126,0.479840,0.345637,0.084269,-0.201287,0.404613,-0.109073,0.383746,-0.019313,0.154828,0.241935,-0.039519,-0.221234,-0.187928,-0.300836,-0.090221,-0.210445,-0.174626,-0.272442,-0.118814,0.046728,0.177334,-0.044396,0.366547,0.013001,0.399834,0.347112,-0.091715,-0.100055,0.052841,-0.100961,-0.123268,0.373063,0.015280,-0.417583,-0.353112,-0.318486,-0.234465,0.045240,-0.087265,-0.345912,0.077863,0.115996,0.345379,0.365224,0.260455,0.308737,0.291089,0.233193,-0.128860,0.108593,0.116674,0.027052,0.341761,-0.032172,0.314868,0.009300,0.231714,-0.068194,-0.082327,0.024379,0.226183,-0.533043,0.418702,0.227621,0.643814,0.415816,0.173807,-0.440496,0.322329,-0.010198,-0.302063,0.164737,0.086473,-0.472937,0.299562,0.231576,-0.033507,-0.062285,-0.302017,0.028882,-0.024388,0.073901,0.247767,-0.175674,0.097788,-0.252578,0.022829,0.216734,0.255903,-0.306038,-0.100578,-0.217901,-0.231334,-0.104652,-0.111958,0.232818,-0.551017,-0.458841,-0.268582,-0.238374,-0.318918,-0.123545,-0.153694,-0.250356,-0.288861,-0.151227,-0.435112,-0.307299,-0.159493,0.293212,-0.047910,-0.023070,-0.205948,-0.245725,-0.249204,-0.238844,-0.332305,-0.220449,-0.160951,0.140790,-0.311647,0.048018,-0.298072,-0.150358,-0.189583,-0.239736,-0.359254,-0.404149,-0.400215,0.029440,-0.169409,0.465071,-0.453019,-0.508287,0.184805,0.074697,-0.050759,0.257271,-0.087886,-0.408258,0.344225,-0.050659,0.221210,-0.437798,-0.280520,0.021178,0.283068,-0.060484,-0.078978,0.030476,-0.056094,-0.244615,-0.286724,-0.274523,0.277556,-0.005639,-0.000134,0.008670,-0.327867,-0.579535,-0.186161,-0.162366,-0.455423,-0.276958,-0.057509,-0.434303,0.084237,0.035124,-0.048973,-0.300158,-0.147842,-0.141401,-0.008399,-0.365777,-0.480157,-0.360097,-0.048130,-0.063341,-0.064020,-0.217244,-0.032256,-0.139675,0.687475,0.062257,-0.117737,0.499808,-0.188908,-0.020593,-0.176733,-0.576906,-0.378755,0.407918,0.081055,-0.244482,-0.577331,-0.102823,-0.187515,-0.049212,0.223304,-0.309312,-0.586057,-0.398404,-0.330277,0.344018,-0.100651,-0.054257,-0.465694,-0.216250,-0.356296,-0.043929,0.582146,-0.250323,0.163756,0.065435,0.318705,-0.478302,0.352200,-0.257467,-0.161659,0.314120
0.112604,-0.018195,0.423232,-0.205383,-0.441928,0.410958,-0.276639,-0.258329,0.493779,0.453730,0.301098,0.022183,-0.479212,-0.708616,0.323566,0.400006,0.833905,0.931603,0.907885,0.396050,0.459630,0.731912,1.077350,0.554944,0.517085,0.593487,0.534337,1.011121,-0.135968,0.243980,0.775896,0.498725,0.160886,0.913974,0.000000,0.306565,0.599317,0.888154,0.791997,0.992550,0.461701,0.676097,0.847210,0.720059,0.648104,0.550013,-0.003155,-0.307026,0.317014,-0.256956,0.228580,-0.170423,0.046696,0.160455,-0.028203,-0.262178,-0.261827,-0.285670,-0.120227,-0.144203,-0.017235,-0.343678,0.127357,0.303533,0.404450,0.227042,0.621853,0.068112,0.488012,0.628779,0.148462,-0.164739,0.337910,-0.334019,-0.014631,0.265944,-0.009495,-0.362092,-0.162028,-0.532901,-0.022270,0.351617,0.127341,-0.282835,0.091475,0.305107,0.480450,0.446513,0.409143,0.422577,0.325034,0.427277,-0.118448,0.084841,0.237852,0.339288,0.529544,0.111893,0.575062,0.283436,0.396960,0.285511,0.166530,0.066849,0.336292,-0.356385,0.318337,0.262628,0.573377,0.354376,0.305043,-0.373052,0.275424,-0.059489,-0.318646,0.289048,0.351823,-0.435723,0.389367,0.262229,0.117995,-0.146193,-0.138075,-0.041025,-0.077561,0.065407,0.311337,0.187616,0.308645,0.077217,0.272668,0.309422,0.424693,-0.135334,0.010578,-0.079346,-0.008495,-0.197660,0.198108,0.169597,-0.241780,-0.581192,-0.668917,-0.665220,-0.866986,-0.537325,-0.570578,-0.721328,-0.381459,-0.532287,-0.922380,-0.726280,-0.050937,0.087208,-0.374665,-0.481529,-0.645450,-0.561890,-0.530261,-0.549545,-0.477448,-0.496754,-0.635161,0.110725,-0.405955,-0.339937,-0.839346,0.053782,-0.507486,-0.663331,-0.141499,-0.381393,-0.202187,0.030084,-0.290929,0.168170,-0.406769,-0.508209,0.021971,-0.155261,0.159101,0.251252,0.064925,-0.245660,0.307614,-0.156833,0.379414,-0.380912,-0.124752,-0.206985,0.078856,-0.023144,-0.250701,-0.131330,-0.046335,-0.220170,-0.345372,-0.195430,0.102200,-0.172532,-0.262148,-0.130481,-0.476999,-0.442424,-0.539524,-0.358318,-0.425118,-0.579802,-0.298328,-0.292498,0.115580,-0.090327,-0.427884,-0.492594,-0.347273,-0.393997,0.186055,-0.553954,-0.588687,-0.445080,0.114618,-0.047610,0.147802,0.033782,-0.051689,-0.310730,0.553648,-0.074248,0.093662,0.403651,-0.085820,-0.265526,-0.121001,-0.704466,-0.169175,0.434429,0.306670,-0.149246,-0.340808,-0.114085,-0.240252,0.033232,0.041976,-0.599755,-0.455297,-0.279070,-0.407548,0.356065,0.084039,0.109586,-0.676290,-0.330228,-0.372335,0.164709,0.368701,-0.547707,-0.008176,-0.291358,0.095351,-0.836975,0.065713,-0.514054,-0.332576,-0.007953
0.055192,0.024653,0.365502,-0.112486,-0.163910,0.419857,-0.281362,-0.203084,0.161980,0.378196,0.416946,-0.161816,-0.421520,-0.560600,-0.035417,0.997024,0.155938,0.033267,0.103186,0.571057,1.658582,0.091999,0.342684,0.669945,0.938967,1.125146,0.504031,0.134169,0.338519,0.444926,0.120301,0.130775,0.391432,0.389039,0.306565,0.000000,0.809570,0.450950,0.038464,0.196370,0.755814,0.033428,0.253690,0.123870,0.159758,0.148838,-0.031776,-0.074859,0.595627,-0.167813,0.361694,0.085725,0.336964,0.645716,-0.126164,-0.155563,-0.412535,-0.371998,-0.108258,-0.064925,-0.351481,-0.145322,-0.125443,0.043447,0.052337,-0.173209,0.282831,-0.129285,0.584236,-0.016019,-0.164244,0.168115,-0.149838,-0.101155,-0.092842,0.182295,0.082894,-0.152706,-0.336730,-0.215597,-0.454522,0.045357,0.143829,-0.323496,0.358124,0.007984,0.133502,0.208736,0.108910,0.197900,0.237173,0.077818,-0.217197,0.234299,-0.017567,-0.028642,0.199331,-0.266126,0.000819,-0.146182,0.161749,0.109131,-0.255947,-0.230558,0.295189,-0.355475,0.164134,0.209451,0.461620,0.393437,0.104189,-0.414246,0.231942,-0.112991,-0.247082,-0.020207,0.002558,-0.340657,0.506508,0.018382,-0.166249,0.058963,-0.005348,-0.160166,-0.258548,0.061509,-0.005796,0.019188,-0.079688,0.001857,-0.168719,0.412862,0.138353,0.000015,-0.026267,-0.050245,-0.312568,-0.501304,0.002738,0.269264,-0.148137,-0.220723,-0.153335,-0.256637,-0.228153,-0.057978,-0.323552,-0.202062,-0.175246,-0.149432,-0.471987,-0.243851,0.060433,0.189149,-0.177986,-0.287342,-0.306231,-0.169451,-0.287869,-0.289537,-0.295628,-0.237971,-0.134403,-0.085463,-0.172530,-0.087668,-0.277593,0.010843,-0.296727,-0.243600,-0.044680,-0.298246,-0.080065,-0.376352,0.006820,0.269654,-0.326402,-0.409103,0.172052,-0.055859,0.239661,0.038505,0.089975,-0.360750,0.041814,0.073668,-0.131510,-0.281116,0.004518,0.084039,0.327342,0.254966,0.036182,0.285061,-0.012745,0.023777,-0.176560,-0.123727,0.347612,-0.051270,0.031420,-0.114221,-0.138587,-0.313033,-0.266188,-0.003209,-0.230678,-0.229983,0.008865,-0.106003,0.124937,0.028798,-0.181217,-0.288683,-0.104832,-0.106379,-0.160023,-0.249807,-0.378758,-0.220382,0.136376,-0.459855,-0.477753,-0.412221,-0.347721,-0.473656,0.274466,-0.059505,-0.049052,0.180631,-0.093677,-0.081108,-0.331718,-0.408970,-0.004788,0.244303,-0.003531,-0.113258,-0.230382,-0.058913,-0.083035,-0.144958,0.279542,0.072105,-0.479429,-0.076778,-0.349551,0.280868,-0.145039,-0.109742,-0.291315,-0.279241,-0.379361,0.095593,0.855736,-0.214287,-0.239293,-0.009760,0.145732,-0.267262,0.120158,-0.290506,-0.390201,0.255017
0.020470,0.109316,0.193021,-0.302084,-0.641799,0.371838,-0.186783,-0.134101,0.728681,0.330150,0.694237,-0.259346,-0.468760,-1.118421,0.301899,0.708903,0.624920,0.550543,0.482963,0.524430,1.004785,0.639285,0.706066,0.738813,0.811462,1.303050,1.351116,0.564074,0.026204,0.110701,0.462944,0.238045,0.425999,0.329370,0.599317,0.809570,0.000000,0.734287,0.570453,0.662924,0.707801,0.484129,0.712754,0.512312,0.514221,0.534709,-0.103916,-0.446659,0.340349,-0.343979,0.263365,-0.403805,0.025551,0.367826,-0.036593,-0.344325,-0.629669,-0.402920,-0.009673,-0.175103,0.187022,-0.265438,0.109941,0.538052,0.543290,0.252607,0.859415,-0.061000,0.801472,0.473369,0.175478,-0.038834,0.332166,-0.461069,0.223821,-0.152747,0.250569,-0.342652,-0.285035,-0.324310,0.124266,0.353507,0.327521,-0.349780,0.266243,0.312486,0.478058,0.584531,0.482124,0.631061,0.604984,0.631846,0.073575,0.426766,0.445615,0.209408,0.553459,0.011046,0.268855,0.304666,0.456153,0.221475,-0.058725,-0.038847,0.460430,-0.171752,0.337323,0.340750,0.211894,0.145732,0.295480,-0.246747,0.386340,0.132188,-0.337100,0.290842,0.366803,-0.467148,0.204909,0.194521,0.053431,-0.094495,0.220146,0.072270,-0.090315,0.350895,0.250341,0.297947,0.157088,0.278214,-0.048596,0.528194,0.556075,0.000645,0.275580,-0.079551,-0.104140,-0.296389,0.298220,0.130709,-0.127953,-0.659770,-0.313425,-0.798737,-0.569016,-0.334310,-0.901676,-0.532209,-0.387030,-0.646023,-0.657168,-0.363748,-0.046822,-0.011203,-0.425299,-0.539266,-0.833389,-0.464604,-0.507982,-0.329994,-0.299277,-0.490441,-0.286298,-0.213807,-0.389430,-0.305776,-0.595139,-0.232710,-0.653705,-0.446963,-0.198555,-0.512157,-0.112572,-0.229667,-0.478030,0.123093,-0.469069,-0.426764,-0.102227,-0.404893,0.615736,0.035985,0.183390,-0.253629,0.292306,-0.277960,-0.109331,-0.324237,-0.076473,-0.246128,0.172723,0.183066,-0.118858,0.085151,0.125929,-0.099908,-0.442807,-0.010889,0.170277,-0.258746,-0.347089,-0.180316,-0.391606,-0.389428,-0.760764,-0.554013,-0.485306,-0.678764,-0.510396,-0.231810,0.289994,0.094471,-0.426640,-0.426456,-0.372267,-0.312178,0.192765,-0.241649,-0.449403,-0.404253,0.246014,-0.039591,-0.105562,0.136408,-0.036550,-0.226710,0.257729,-0.455202,0.194668,0.201736,0.004763,-0.235989,-0.357410,-0.398818,0.036271,0.265918,0.352415,0.002296,-0.201405,-0.115544,-0.317250,-0.138851,-0.062497,-0.090198,-0.162520,-0.013218,-0.379043,0.330287,0.032538,0.115928,-0.531089,-0.621424,-0.439252,0.333538,0.366480,-0.785121,-0.553055,-0.466561,-0.080826,-0.656638,0.040385,-0.819602,-0.731300,-0.249933
0.023861,-0.036369,0.110633,-0.269506,-0.642013,0.420388,0.031643,-0.439988,0.699057,0.516225,0.392987,-0.278604,-0.465506,-0.791748,0.285620,0.525578,0.707827,0.714363,0.856486,0.531608,0.613432,0.629847,0.830329,0.431474,0.887513,0.726968,0.714154,0.800955,-0.167456,0.244212,0.659679,0.682398,0.245390,0.488853,0.888154,0.450950,0.734287,0.000000,0.598776,0.877033,0.563503,0.729805,0.924924,0.810859,0.725353,0.722257,-0.041552,-0.494875,0.467996,-0.179521,0.328667,-0.338608,0.171208,0.166763,0.152591,-0.243588,-0.362126,-0.409211,-0.095243,-0.303970,0.093333,-0.396638,0.247727,0.469700,0.619719,0.297833,0.800292,0.009575,0.823648,0.814706,0.257037,-0.062507,0.421663,-0.397114,0.225541,-0.004808,0.096538,-0.444783,-0.221848,-0.270774,0.023348,0.330745,0.255539,-0.435615,0.123205,0.326687,0.578008,0.639954,0.698849,0.650292,0.409992,0.608238,0.189326,0.399488,0.479575,0.387599,0.870904,0.127710,0.510331,0.283212,0.682333,0.406241,-0.035916,-0.022027,0.630489,-0.304577,0.535780,0.509747,0.386672,0.322703,0.408947,-0.064333,0.493033,0.244038,-0.271318,0.416186,0.516884,-0.463251,0.253510,0.436936,0.216897,0.172009,0.168891,0.211157,0.137164,0.240085,0.190271,0.229701,0.274455,0.125699,0.214141,0.580906,0.686588,0.052605,0.359620,0.225866,-0.113370,-0.300187,0.255787,0.219640,-0.126355,-0.614544,-0.531326,-0.608500,-0.656408,-0.372430,-0.784955,-0.619018,-0.576009,-0.560361,-0.619678,-0.548117,-0.060881,0.176156,-0.494025,-0.445797,-0.780187,-0.541830,-0.438727,-0.451127,-0.506645,-0.665370,-0.381404,-0.065897,-0.296764,-0.214708,-0.775753,0.073547,-0.780847,-0.478493,-0.362716,-0.163359,-0.376073,-0.000230,-0.252773,0.075790,-0.524576,-0.444268,-0.128224,-0.391385,0.232025,-0.030504,-0.201707,-0.314617,0.328033,-0.349947,0.303410,-0.556321,-0.185797,-0.149900,0.039632,0.162764,-0.063578,0.045353,-0.098479,-0.076604,-0.580527,-0.234436,0.115046,-0.272470,-0.291171,-0.115813,-0.530950,-0.414041,-0.680805,-0.453530,-0.389723,-0.848862,-0.525957,-0.298877,0.070092,0.111254,-0.345408,-0.466945,-0.320519,-0.302185,0.063383,-0.259714,-0.507945,-0.543134,0.334188,0.144485,0.074666,-0.025622,0.044201,-0.225386,0.266711,-0.359120,0.145602,0.440645,0.080710,-0.339493,-0.082985,-0.327503,-0.044964,0.434554,0.499385,-0.108171,-0.171194,-0.084301,-0.395597,-0.190307,0.049042,-0.208900,-0.282545,-0.152255,-0.690462,0.607826,0.155726,0.033332,-0.678168,-0.564556,-0.360390,0.308158,0.377062,-0.667617,-0.204003,-0.329777,0.003257,-0.757285,0.028384,-0.676313,-0.421126,-0.202627
-0.180177,-0.268567,-0.145616,-0.309739,-0.355142,0.476574,0.200100,-0.186533,1.007367,0.154770,0.191742,-0.358143,-0.795035,-0.587360,0.064916,-0.010210,1.464070,1.362319,1.411289,0.368232,0.336278,1.237670,0.895941,0.358977,0.287036,0.564847,0.793955,1.339558,-0.302559,0.148397,1.637683,0.057121,0.356601,0.483239,0.791997,0.038464,0.570453,0.598776,0.000000,1.580561,0.339944,1.376068,0.864063,1.351507,1.171509,1.246018,-0.216485,-1.001232,-0.214868,-0.382107,-0.084527,-0.576907,-0.416991,-0.246599,-0.211425,-0.706139,-0.247800,-0.409219,-0.138115,-0.658751,0.411007,-0.829597,0.211098,0.397018,0.496864,0.306779,0.672875,-0.181512,0.326840,0.990381,0.272761,-0.740514,0.752258,-0.380349,0.542647,-0.383429,0.261212,-0.582620,-0.142906,-0.416332,0.618863,0.673752,0.182331,-0.433528,-0.050701,0.951652,1.079704,0.990722,0.681985,0.773016,0.521694,0.910386,0.178835,0.253337,0.673548,0.705268,0.737842,0.534262,0.661038,0.881464,0.533365,0.216170,0.294755,0.176100,0.160587,-0.059169,0.449470,0.059855,-0.057344,-0.269780,0.033270,0.086168,0.198880,0.160590,-0.699301,0.667059,0.906016,-0.340477,0.145927,0.933220,0.091269,-0.449765,-0.236556,0.386511,0.478224,0.492884,0.917721,0.054798,0.554975,0.009786,0.266666,0.398022,0.942246,-0.402921,0.313243,-0.338712,0.254636,-0.281132,0.395222,0.294110,-0.256924,-0.505094,-0.309982,-0.643449,-0.523956,-0.059402,-0.385119,-0.507934,-0.069046,-0.397303,-0.452619,-0.252734,-0.199527,-0.178370,-0.006359,-0.182638,-0.402263,-0.102636,-0.502213,-0.214649,-0.020133,-0.129723,-0.257912,0.310242,-0.128867,-0.020852,-0.515572,-0.342458,-0.200426,-0.225337,-0.318931,-0.136204,-0.171122,0.375635,-0.647083,0.341792,-0.501776,-0.637587,0.070816,-0.493908,0.337861,-0.221590,0.011628,-0.225334,0.704607,-0.407832,0.232669,-0.621852,-0.697578,-0.306912,0.119672,-0.168732,-0.167444,-0.029187,0.446676,0.006400,-0.524715,0.183430,-0.111445,-0.149315,-0.323486,0.114603,-0.945213,-0.742399,-0.663460,-0.759458,-1.181731,-0.754543,-0.818392,-0.574579,-0.204953,-0.390568,-0.386825,-0.477410,-0.979353,-0.800081,-0.015439,-0.383979,-0.789066,-1.016591,-0.117773,0.230841,0.460640,0.339289,0.136073,-0.076357,0.204569,-0.218556,0.061128,0.350655,0.189677,-0.284814,-0.113150,-0.284511,-0.452017,0.021116,0.166998,-0.384729,-0.565024,-0.591011,-0.648867,0.179169,0.105465,-0.181249,0.024419,-0.128485,-0.506153,0.513972,0.042353,0.154876,-0.869296,-0.843208,-0.133738,0.398977,0.207325,-0.615023,-0.139061,-0.100585,0.059391,-0.718187,0.161499,-0.520914,-0.172641,-0.105936
-0.101661,-0.180630,0.011599,-0.363857,-0.452760,0.394044,0.100308,-0.427233,0.847762,0.398877,0.185840,-0.240335,-0.766949,-0.637410,0.147104,0.099538,1.278894,1.239829,1.428673,0.491359,0.476828,1.122170,1.162479,0.433883,0.426408,0.670134,0.739192,1.354952,-0.223876,0.142517,1.333766,0.241413,0.359092,0.634258,0.992550,0.196370,0.662924,0.877033,1.580561,0.000000,0.521436,1.274760,0.962302,1.343198,1.195813,1.046804,-0.113815,-0.914285,-0.059676,-0.350856,0.112574,-0.458487,-0.271428,-0.112613,-0.029882,-0.515724,-0.178041,-0.398871,-0.169117,-0.637538,0.230845,-0.682767,0.029103,0.322261,0.454121,0.212236,0.731315,-0.080159,0.490037,0.907090,0.180386,-0.499898,0.575483,-0.321833,0.363371,-0.179322,0.111656,-0.608926,-0.163189,-0.386387,0.353422,0.558597,0.094779,-0.477224,-0.031579,0.686271,0.913254,0.927100,0.627458,0.718153,0.445807,0.806233,0.166827,0.254700,0.587669,0.617100,0.803640,0.407945,0.727070,0.677637,0.664231,0.272935,0.236352,0.182165,0.345154,-0.188941,0.522961,0.206019,0.147090,-0.036903,0.199993,0.016823,0.257688,0.090325,-0.570410,0.517952,0.697365,-0.472584,0.124665,0.756243,0.221263,-0.226538,-0.201656,0.330195,0.350494,0.371474,0.601903,0.054769,0.561491,-0.032893,0.269313,0.465617,0.830616,-0.374484,0.254996,-0.185920,0.118849,-0.265656,0.407869,0.334130,-0.271874,-0.596257,-0.394161,-0.625214,-0.622291,-0.116457,-0.472726,-0.551417,-0.237812,-0.434110,-0.562960,-0.346898,-0.261029,-0.056599,-0.133871,-0.225038,-0.501901,-0.196971,-0.582836,-0.317006,-0.122981,-0.314492,-0.322256,0.220940,-0.237796,-0.088148,-0.629284,-0.220546,-0.359258,-0.295845,-0.343847,-0.218078,-0.268503,0.237897,-0.558199,0.322318,-0.561065,-0.597908,-0.001183,-0.401791,0.264198,-0.080925,-0.165129,-0.285495,0.539442,-0.383777,0.304581,-0.643291,-0.543230,-0.272047,0.106829,-0.150605,-0.142318,-0.054363,0.255184,-0.109538,-0.637640,-0.010691,-0.096771,-0.218520,-0.272820,0.009207,-0.798860,-0.671244,-0.574296,-0.664471,-0.936832,-0.828097,-0.724496,-0.533041,-0.138225,-0.197194,-0.330604,-0.553516,-0.708861,-0.666675,0.002466,-0.439764,-0.660271,-0.920171,-0.056096,0.254262,0.335412,0.256767,0.132377,-0.032064,0.310727,-0.250384,0.033270,0.412362,0.116247,-0.205713,-0.014659,-0.304044,-0.426359,0.196721,0.171566,-0.260938,-0.546979,-0.383132,-0.451677,0.126300,0.200097,-0.256489,-0.036581,-0.190280,-0.510472,0.521042,0.153726,0.107557,-0.840334,-0.710274,-0.199019,0.293097,0.298878,-0.639899,-0.143689,-0.151948,0.115383,-0.898533,0.184109,-0.566370,-0.270404,-0.111564
-0.087098,-0.137188,0.267640,-0.358915,-0.448103,0.280391,-0.055017,-0.155846,0.494463,0.518700,0.289188,-0.219053,-0.434137,-0.407677,0.434277,0.686820,0.367354,0.292888,0.380103,0.445724,0.823958,0.412657,0.581444,0.981549,0.951957,0.759314,0.609010,0.407330,0.691109,0.354264,0.277609,0.379522,0.224096,0.630379,0.461701,0.755814,0.707801,0.563503,0.339944,0.521436,0.000000,0.414331,0.675123,0.481849,0.411235,0.336063,0.428436,-0.214147,0.578075,-0.248995,0.382820,-0.081240,0.307335,0.687057,0.249536,-0.039476,-0.057636,-0.002198,0.022828,0.033467,0.139610,-0.177826,0.060146,0.461534,0.521756,0.331214,0.485327,0.197721,0.736960,0.420040,0.326844,0.163562,0.217823,-0.237913,0.162249,0.128456,0.191996,-0.451400,-0.295469,-0.251134,-0.002746,0.293850,0.289210,-0.190490,0.304589,0.156637,0.351847,0.402738,0.375436,0.405321,0.329589,0.484755,-0.015310,0.043662,0.350284,0.117673,0.453817,-0.012728,0.308503,0.114179,0.354752,0.039095,-0.029587,0.025033,0.466818,-0.443814,0.373957,0.312236,0.460530,0.301006,0.359055,-0.317255,0.431227,0.012827,-0.318386,0.317388,0.252461,-0.385363,0.131245,0.229740,-0.152692,-0.094160,0.112542,-0.002027,-0.120177,0.289409,0.203412,0.245627,0.123644,0.052624,0.005470,0.532986,0.375934,-0.240964,0.148027,-0.081058,-0.133846,-0.134173,0.141025,0.237059,-0.213686,-0.344481,-0.186455,-0.357140,-0.203878,-0.038043,-0.376062,-0.155034,-0.217288,-0.186980,-0.260456,-0.086291,0.020968,0.262586,-0.038786,-0.153902,-0.298733,-0.225893,-0.187196,-0.115347,-0.231950,-0.073786,0.011052,0.049181,-0.197157,-0.039147,-0.250398,-0.184909,-0.338038,-0.100486,-0.309252,-0.256558,-0.244797,-0.136593,-0.460094,0.102044,-0.596218,-0.623355,-0.134462,-0.286969,0.317752,0.174864,0.025340,-0.249011,0.166615,-0.229181,0.026674,-0.415842,-0.282608,-0.335624,-0.070040,-0.144346,-0.239549,-0.104024,-0.109941,-0.263820,-0.541255,-0.357985,0.044411,-0.408933,-0.476106,-0.312556,-0.198389,-0.597322,-0.377425,-0.507252,-0.426927,-0.566117,-0.334821,-0.177020,0.302591,0.276261,-0.092057,-0.235371,-0.174025,-0.017689,0.175252,-0.367337,-0.369930,-0.257261,-0.052773,-0.109658,-0.125182,0.138329,0.229185,-0.115391,0.511658,-0.325305,0.342073,0.696597,0.327494,0.076592,-0.046678,-0.352245,-0.164909,0.289256,0.336064,0.087466,-0.306244,-0.023450,-0.199555,-0.071219,0.151978,0.076989,-0.259874,-0.141730,-0.247163,0.365308,-0.110803,0.177645,-0.563889,-0.396353,-0.584403,0.157994,0.334549,-0.512042,-0.190507,-0.103321,-0.093188,-0.527956,-0.032980,-0.513675,-0.468786,-0.078679
-0.222703,-0.247681,-0.092313,-0.328055,-0.376116,0.455821,0.228634,-0.260174,0.849958,0.260042,0.213900,-0.472162,-0.638131,-0.577035,0.086141,0.003971,1.171284,1.008054,1.329631,0.409578,0.272784,1.187544,0.975478,0.321695,0.350214,0.471644,0.642644,1.007208,-0.228537,0.182765,1.267516,0.100976,0.383665,0.483566,0.676097,0.033428,0.484129,0.729805,1.376068,1.274760,0.414331,0.000000,1.037358,1.961196,1.704492,1.332709,-0.187642,-1.115519,-0.125237,-0.240503,0.162288,-0.740362,-0.393258,-0.285096,-0.098638,-0.804477,-0.317787,-0.445626,0.023653,-0.688568,0.439105,-0.872828,0.201707,0.463537,0.511133,0.299010,0.525715,-0.251067,0.342887,1.050144,0.234849,-0.668047,0.649331,-0.479693,0.505294,-0.247725,0.333911,-0.793628,-0.265563,-0.241243,0.524211,0.453527,0.070231,-0.375835,-0.114166,0.715613,0.911654,0.890246,0.743040,0.765165,0.524023,0.869225,0.303639,0.390957,0.734779,0.564912,0.764494,0.437359,0.570319,0.623119,0.590869,0.157587,0.071295,0.134955,0.244424,-0.118962,0.634608,0.154432,0.101330,-0.074688,0.077744,0.125429,0.333130,0.295994,-0.720932,0.580813,0.730184,-0.267161,0.068500,0.782217,0.067568,-0.192040,-0.127834,0.455810,0.491885,0.524660,0.624407,0.013363,0.367846,0.065064,0.167609,0.457527,1.003638,-0.306799,0.437360,-0.172835,0.113244,-0.260585,0.242899,0.305444,-0.350537,-0.577329,-0.260047,-0.553650,-0.425671,0.002724,-0.382157,-0.382688,-0.103676,-0.252857,-0.321707,-0.173334,-0.316304,-0.037204,0.060745,-0.086259,-0.303033,-0.104130,-0.369441,-0.157985,-0.013629,-0.103973,-0.105862,0.152846,-0.120597,0.091498,-0.418565,-0.297507,-0.185519,-0.134700,-0.395218,-0.192009,-0.195654,0.393162,-0.599951,0.312203,-0.519208,-0.481770,0.059761,-0.373422,0.357814,-0.113159,-0.122585,-0.366502,0.751482,-0.490714,0.215053,-0.642825,-0.725699,-0.236309,0.101015,-0.071039,-0.020711,0.075949,0.346739,-0.021285,-0.499791,0.060692,-0.072652,-0.162322,-0.327934,0.158957,-0.800949,-0.683624,-0.643963,-0.632053,-1.108687,-0.656643,-0.638864,-0.625428,-0.087679,-0.187726,-0.175766,-0.337228,-0.704776,-0.607735,0.016841,-0.213517,-0.857413,-0.937879,0.020593,0.293055,0.365084,0.263656,0.184899,0.095134,0.141183,-0.258874,0.006123,0.397483,0.095053,-0.330365,-0.096196,-0.240216,-0.390203,-0.011810,0.198030,-0.469016,-0.522611,-0.584687,-0.754307,0.039341,0.134594,-0.210901,-0.072298,-0.104195,-0.499893,0.594373,0.092164,0.136266,-0.673167,-0.863911,-0.220433,0.263934,0.200954,-0.541462,-0.187839,-0.101314,0.068801,-0.608743,0.257376,-0.655238,-0.129945,-0.122243
-0.027552,-0.074670,0.126533,-0.409303,-0.699905,0.373118,0.173414,-0.128087,0.951147,0.365482,0.409376,-0.267692,-0.559453,-0.767644,0.355797,0.357293,1.075323,0.779808,0.795971,0.287703,0.420072,0.970822,0.765013,0.464723,0.642901,0.550780,0.796130,0.721358,0.014788,0.122195,0.767082,0.361938,0.098174,0.418453,0.847210,0.253690,0.712754,0.924924,0.864063,0.962302,0.675123,1.037358,0.000000,1.112660,0.991665,0.862509,0.015947,-0.613351,0.240084,-0.333886,0.274510,-0.482543,-0.065542,0.154385,0.062673,-0.334723,-0.230022,-0.207348,0.043912,-0.165649,0.370268,-0.533102,0.215322,0.772992,0.802629,0.498077,0.688311,0.002975,0.542372,1.136311,0.499869,-0.246974,0.612605,-0.762895,0.402878,-0.116722,0.399238,-0.658281,-0.356755,-0.291508,0.305035,0.441280,0.492229,-0.247387,0.227820,0.428794,0.608969,0.639900,0.679118,0.722547,0.438427,0.811122,0.166623,0.293705,0.623391,0.446188,0.811563,0.170145,0.516604,0.395260,0.667390,0.249026,-0.019073,0.041424,0.483273,-0.151094,0.577980,0.368679,0.264973,0.139194,0.236184,-0.013729,0.525443,0.306107,-0.594016,0.607859,0.577490,-0.346043,0.168953,0.395621,0.056959,-0.052426,0.076134,0.147418,0.130744,0.390931,0.393034,0.326484,0.215642,0.185243,0.149355,0.709020,0.769730,-0.090472,0.516227,-0.042408,-0.011901,-0.301388,0.200157,0.236518,-0.184770,-0.586391,-0.373019,-0.771944,-0.578741,-0.299883,-0.722759,-0.516258,-0.217996,-0.452410,-0.436586,-0.346846,-0.130816,0.014564,-0.194221,-0.404875,-0.612296,-0.333594,-0.372728,-0.289909,-0.250301,-0.227609,-0.263309,0.058471,-0.228890,-0.177126,-0.594515,-0.071121,-0.505508,-0.355528,-0.229266,-0.216404,-0.132886,0.053883,-0.569455,0.038314,-0.553866,-0.504528,-0.094940,-0.468866,0.637307,0.042773,0.047991,-0.356419,0.460269,-0.413022,0.045629,-0.545737,-0.253461,-0.271521,-0.089706,0.124929,-0.112434,0.010473,0.113194,-0.035616,-0.476830,-0.085297,0.068900,-0.239758,-0.557153,-0.099664,-0.480243,-0.592626,-0.812317,-0.679411,-0.674491,-0.824135,-0.594135,-0.334130,0.210964,0.083368,-0.314269,-0.329697,-0.358043,-0.419770,0.360423,-0.231670,-0.716362,-0.599313,0.179046,0.105046,0.010180,0.285102,0.147596,-0.131736,0.108958,-0.560221,0.301853,0.413150,0.232909,-0.229887,-0.200405,-0.231174,-0.160580,0.094067,0.507922,-0.184063,-0.315434,-0.356757,-0.649996,-0.148219,0.077300,-0.143589,-0.080756,0.027829,-0.504878,0.574059,0.081825,0.169462,-0.700006,-0.794206,-0.557467,0.383530,0.143214,-0.711341,-0.301492,-0.347902,-0.189148,-0.674343,-0.022207,-0.875328,-0.348597,-0.285084
-0.196343,-0.222127,-0.150819,-0.287213,-0.323724,0.445244,0.231779,-0.241885,0.795303,0.220512,0.199971,-0.495438,-0.680230,-0.562528,0.015495,0.073238,1.229715,0.923762,1.325366,0.365318,0.375479,1.075459,0.925710,0.317722,0.433628,0.503139,0.623136,0.958744,-0.164187,0.213608,1.338067,0.105113,0.308896,0.523126,0.720059,0.123870,0.512312,0.810859,1.351507,1.343198,0.481849,1.961196,1.112660,0.000000,2.040145,1.504362,-0.210410,-1.049644,-0.042378,-0.225940,0.192092,-0.639437,-0.317380,-0.198076,-0.160753,-0.719284,-0.279666,-0.433363,-0.083255,-0.696184,0.284319,-0.872884,0.183164,0.374362,0.454007,0.237926,0.582364,-0.252063,0.329995,1.047693,0.237026,-0.643380,0.580223,-0.509121,0.450988,-0.232033,0.262087,-0.742251,-0.290240,-0.265286,0.388905,0.380155,0.112021,-0.344177,-0.099899,0.645816,0.864865,0.837492,0.664280,0.699950,0.395923,0.764759,0.215589,0.427702,0.632097,0.530648,0.768641,0.383098,0.538151,0.575994,0.561122,0.133634,0.027968,0.050211,0.199883,-0.104954,0.670986,0.148482,0.098842,-0.065586,0.060078,0.126716,0.294206,0.314322,-0.717131,0.570096,0.689082,-0.251403,0.122322,0.805222,0.021339,-0.164743,-0.135993,0.372862,0.503541,0.447162,0.588195,-0.036394,0.382542,-0.001262,0.230102,0.451052,0.920909,-0.307267,0.413916,-0.149464,0.105729,-0.355254,0.178231,0.295999,-0.306138,-0.540482,-0.339743,-0.589619,-0.510630,-0.033149,-0.416797,-0.512466,-0.064895,-0.281903,-0.347971,-0.275835,-0.368736,-0.088837,0.055720,-0.139919,-0.352965,-0.085539,-0.502500,-0.281097,-0.079192,-0.108094,-0.206203,0.157592,-0.153429,0.051666,-0.524388,-0.254216,-0.238650,-0.217930,-0.337040,-0.151989,-0.188382,0.351312,-0.516653,0.319469,-0.455108,-0.518297,0.083949,-0.316225,0.346519,-0.175468,-0.149831,-0.386688,0.670146,-0.457019,0.211012,-0.726208,-0.709196,-0.174426,0.142826,0.003473,0.016685,0.122886,0.380039,-0.011492,-0.460118,0.110569,-0.013334,-0.095316,-0.239823,0.166223,-0.753657,-0.669750,-0.617429,-0.529262,-1.102586,-0.652638,-0.622254,-0.685995,-0.207327,-0.201470,-0.209042,-0.319729,-0.634704,-0.692003,0.007854,-0.230269,-0.941802,-1.006585,0.042668,0.212922,0.300881,0.165944,0.136444,0.024391,0.142781,-0.316690,-0.025938,0.510121,0.126032,-0.249243,-0.110410,-0.217101,-0.418344,-0.026420,0.183270,-0.504570,-0.546109,-0.623826,-0.755096,0.012045,0.216139,-0.148171,-0.083067,-0.008206,-0.711682,0.547184,0.056945,0.080824,-0.711059,-0.950065,-0.284158,0.227723,0.295935,-0.592388,-0.154478,-0.063786,0.040624,-0.613826,0.278538,-0.589102,-0.150313,-0.073374
-0.183168,-0.183991,-0.101489,-0.278744,-0.261244,0.422933,0.191148,-0.233437,0.661767,0.165648,0.170331,-0.472374,-0.605973,-0.595546,-0.061475,0.057109,1.139439,0.797859,1.154186,0.371529,0.392557,0.979265,0.929899,0.263960,0.384414,0.488853,0.556610,0.821657,-0.175883,0.170780,1.191821,0.045837,0.343534,0.479840,0.648104,0.159758,0.514221,0.725353,1.171509,1.195813,0.411235,1.704492,0.991665,2.040145,0.000000,1.366846,-0.340265,-0.990037,-0.064483,-0.234185,0.280952,-0.669514,-0.367142,-0.241037,-0.205628,-0.821437,-0.356792,-0.538180,-0.162421,-0.785043,0.188962,-0.832958,0.061303,0.300990,0.353921,0.127822,0.507583,-0.356222,0.269016,0.879056,0.100966,-0.658171,0.469656,-0.452386,0.412859,-0.165212,0.203388,-0.709893,-0.319738,-0.182359,0.337196,0.283183,0.053983,-0.341093,-0.127459,0.537010,0.726153,0.741675,0.586430,0.615371,0.347769,0.656573,0.227278,0.523544,0.560649,0.433494,0.675582,0.253544,0.434002,0.487535,0.513528,0.090242,-0.057273,-0.041203,0.185499,-0.133317,0.655671,0.156311,0.128838,-0.026599,-0.014818,0.051594,0.264564,0.265621,-0.724572,0.450731,0.545423,-0.235403,0.181804,0.683207,0.008946,-0.130515,-0.132442,0.332810,0.514812,0.400858,0.456299,-0.099923,0.317171,0.017087,0.091295,0.445412,0.856048,-0.216938,0.400233,-0.054110,0.036630,-0.485098,0.132410,0.325390,-0.276135,-0.505646,-0.250100,-0.483978,-0.506062,-0.014122,-0.362549,-0.488772,0.012511,-0.208019,-0.317304,-0.280542,-0.371815,-0.043311,0.103162,-0.125451,-0.286878,-0.043001,-0.528973,-0.282470,-0.038794,-0.097279,-0.203831,0.179284,-0.141381,0.051555,-0.509184,-0.197638,-0.176004,-0.203240,-0.252837,-0.174500,-0.084952,0.245833,-0.389550,0.348095,-0.399603,-0.466040,0.211970,-0.215917,0.344157,-0.093416,-0.161666,-0.440220,0.573540,-0.316384,0.080404,-0.630365,-0.640440,-0.085869,0.261248,0.108353,0.117018,0.260332,0.408096,-0.022148,-0.381154,0.150872,0.120295,-0.005515,-0.163596,0.149780,-0.646095,-0.584801,-0.497246,-0.421961,-1.028935,-0.569695,-0.572400,-0.662892,-0.240688,-0.203466,-0.235532,-0.326500,-0.542684,-0.768954,-0.054159,-0.133278,-0.972989,-0.975575,0.140196,0.210255,0.261562,0.117945,0.101830,0.019334,0.039537,-0.261040,-0.151308,0.376306,0.009521,-0.217435,-0.160147,-0.193599,-0.329597,-0.117728,0.092671,-0.568623,-0.482522,-0.631390,-0.733135,-0.055321,0.266406,-0.202278,-0.093446,-0.023864,-0.682501,0.487718,0.024027,0.029226,-0.551560,-0.795315,-0.244059,0.196180,0.350256,-0.458568,-0.132553,-0.074060,0.128667,-0.451927,0.317458,-0.488272,-0.107267,-0.007427
-0.110618,-0.157729,-0.266102,-0.216006,-0.329543,0.497766,0.336199,-0.214359,0.830028,0.065450,0.333503,-0.652912,-0.647837,-0.554375,-0.038012,0.088799,1.198634,0.857864,1.142438,0.303874,0.395384,1.126660,0.693851,0.212722,0.369347,0.542246,0.738652,0.913383,-0.291774,0.134804,1.350492,-0.000925,0.257666,0.345637,0.550013,0.148838,0.534709,0.722257,1.246018,1.046804,0.336063,1.332709,0.862509,1.504362,1.366846,0.000000,-0.358043,-1.103614,-0.097669,-0.142766,0.089464,-0.711292,-0.354594,-0.318010,-0.232514,-0.783143,-0.379329,-0.521890,-0.153153,-0.802899,0.264009,-0.918654,0.222085,0.343447,0.371303,0.156482,0.524274,-0.467624,0.265989,0.982263,0.230933,-0.802647,0.556041,-0.444972,0.640376,-0.469089,0.353370,-0.570367,-0.196325,-0.144876,0.416773,0.467471,0.183341,-0.504469,-0.026107,0.793219,0.989901,1.021780,0.858620,0.897722,0.539984,0.824115,0.342893,0.503958,0.763503,0.657584,0.826670,0.406668,0.509450,0.716910,0.670161,0.180797,0.035333,-0.090523,0.208958,0.049708,0.658236,0.176136,-0.084997,-0.196086,0.003961,0.213744,0.284691,0.335527,-0.607154,0.564473,0.956533,-0.339352,0.167174,0.878612,0.079887,-0.138657,-0.044974,0.522469,0.648798,0.636598,0.608593,-0.035702,0.413547,0.133033,0.155002,0.541611,1.023416,-0.235168,0.608844,-0.135963,0.104543,-0.525205,0.294553,0.257490,-0.185921,-0.438832,-0.257088,-0.691972,-0.445207,-0.019449,-0.479726,-0.514589,-0.112385,-0.342290,-0.393074,-0.258171,-0.363350,-0.185702,-0.070193,-0.293481,-0.442649,-0.099225,-0.496449,-0.213182,-0.203128,-0.193388,-0.157661,0.106170,-0.111018,0.044098,-0.549079,-0.156374,-0.343739,-0.242553,-0.269272,-0.030563,-0.182375,0.271994,-0.384485,0.313056,-0.360339,-0.415548,0.191466,-0.488187,0.325322,-0.322661,-0.108333,-0.284534,0.808384,-0.389674,0.104774,-0.576595,-0.621657,-0.116831,0.152654,0.056873,0.106188,0.260111,0.449113,0.110544,-0.503946,0.263433,-0.021441,-0.081094,-0.221507,0.217126,-0.953824,-0.532253,-0.652388,-0.559977,-0.977531,-0.626709,-0.705597,-0.633346,-0.306120,-0.275020,-0.357897,-0.462868,-0.804809,-0.781081,-0.126681,-0.272895,-0.942934,-0.983054,0.041332,0.299579,0.282797,0.125073,0.116235,-0.068702,0.022061,-0.313374,-0.129138,0.304524,0.082939,-0.329511,-0.201010,-0.119872,-0.246029,-0.175542,0.099963,-0.556805,-0.408194,-0.743129,-0.789030,-0.019411,0.159108,-0.007618,-0.068392,0.005407,-0.862732,0.590751,0.058955,-0.016993,-0.621699,-1.082410,-0.116319,0.293179,0.317559,-0.546633,-0.276838,-0.049377,-0.042644,-0.475565,0.180504,-0.555311,-0.110798,-0.102088
-0.193357,-0.256284,0.100398,-0.006542,-0.187942,-0.279492,0.036998,0.038456,-0.038272,0.442441,-0.151021,0.101733,0.160400,0.292738,0.634708,0.223921,-0.239660,-0.141320,-0.184900,0.147219,-0.136602,-0.144304,-0.101945,0.436391,0.113975,-0.141597,-0.068791,-0.112000,0.643469,0.147231,-0.298162,0.397306,-0.095211,0.084269,-0.003155,-0.031776,-0.103916,-0.041552,-0.216485,-0.113815,0.428436,-0.187642,0.015947,-0.210410,-0.340265,-0.358043,0.000000,0.388496,0.433702,0.148878,-0.006170,0.406401,0.613765,0.625429,0.749172,0.708402,0.661143,0.927614,0.306013,0.642406,0.244820,0.416070,0.252031,0.283728,0.362380,0.435282,-0.109958,0.886636,0.367962,0.071245,0.566878,0.632747,0.032360,0.150542,-0.022769,0.111763,0.049484,-0.132653,-0.004054,0.056975,-0.086747,0.080273,0.088221,0.143179,0.082781,-0.305161,-0.178395,-0.210183,-0.095997,-0.158767,-0.174332,0.009429,0.038524,-0.575872,0.036105,-0.258894,-0.053969,-0.166814,-0.079619,-0.189768,-0.084210,-0.171617,0.119151,0.049315,0.119538,-0.283482,-0.190368,-0.039664,0.106613,0.086574,0.149621,-0.258912,0.049721,-0.201568,0.153536,-0.010200,-0.115797,-0.072924,-0.154974,-0.155726,-0.237103,-0.082737,0.140273,-0.058612,-0.178020,0.049827,-0.072213,0.299913,-0.177154,-0.085724,-0.003504,-0.047422,-0.243603,-0.313923,-0.148994,-0.034922,-0.104243,0.466185,-0.084445,0.008418,-0.095586,0.199871,0.049500,0.210621,0.344687,0.117967,0.159843,0.346839,-0.028249,0.221112,0.288988,0.344310,0.211668,0.258960,0.116263,0.195634,0.136756,-0.027941,0.490155,0.366921,0.030646,0.222541,0.323275,0.068851,0.280672,0.154409,0.311779,-0.092541,0.050798,0.322107,-0.245821,0.194858,-0.366309,-0.050197,-0.177032,-0.097336,-0.320145,-0.047482,-0.303213,-0.155278,-0.211876,0.195764,-0.015752,0.138840,-0.212881,-0.022006,0.173350,0.194812,0.050310,-0.290446,-0.403849,-0.492401,-0.277030,-0.453061,-0.533181,-0.421508,-0.312582,-0.495735,-0.188941,-0.572027,-0.445756,-0.319264,0.263748,-0.141925,0.128161,-0.204683,0.228426,-0.105961,0.045662,0.234312,0.410778,0.317317,0.339413,0.118851,0.159365,0.765231,0.508864,-0.295716,0.286506,0.487351,-0.336317,0.070174,0.010511,0.281422,0.506732,0.114907,0.220221,-0.062192,0.601177,0.443651,0.530183,0.196139,0.338850,0.051942,-0.006416,0.446964,0.433543,0.655190,0.020862,0.578796,0.268795,0.022454,-0.141290,0.252141,0.060820,-0.032853,0.413441,0.132607,-0.270610,0.184420,-0.016907,0.280851,-0.003217,0.185941,-0.192663,0.059783,0.096748,0.067678,-0.110531,-0.093146,-0.192383,0.041257,0.039864,-0.117706
0.271324,0.205129,0.311438,0.253460,0.198970,-0.572857,-0.435521,0.425546,-0.780168,-0.185923,-0.274060,0.616951,0.804150,0.497384,0.251594,0.187928,-0.858379,-0.711691,-0.890341,-0.400005,-0.285404,-0.797422,-0.582583,-0.181002,-0.242755,-0.462712,-0.617647,-0.675444,0.392377,-0.102094,-1.113895,0.227117,-0.481512,-0.201287,-0.307026,-0.074859,-0.446659,-0.494875,-1.001232,-0.914285,-0.214147,-1.115519,-0.613351,-1.049644,-0.990037,-1.103614,0.388496,0.000000,0.401504,0.184181,0.066567,0.911792,0.645999,0.494431,0.274357,1.030068,0.347767,0.661488,-0.075364,1.053667,-0.431502,1.219062,-0.015371,-0.224037,-0.244537,-0.017153,-0.350387,0.492434,-0.230406,-0.665659,-0.049337,0.900313,-0.577165,0.526926,-0.530204,0.478786,-0.508538,0.814284,0.351893,0.113778,-0.468153,-0.341739,-0.003531,0.515829,0.139137,-0.872598,-0.966220,-1.058247,-0.693612,-0.894018,-0.647987,-0.743669,-0.428254,-0.559011,-0.741893,-0.661153,-0.702481,-0.590600,-0.469591,-0.648434,-0.673295,-0.123178,0.086169,-0.178615,-0.149110,-0.199002,-0.703604,-0.109583,0.108144,0.209665,0.038794,-0.480528,-0.294453,-0.480632,0.835657,-0.594204,-0.693679,0.274715,0.078204,-0.813187,-0.256310,-0.014543,0.248837,-0.713157,-0.640657,-0.685993,-0.631171,0.184378,-0.244051,0.054163,-0.110829,-0.433408,-0.989054,0.357418,-0.628292,0.380732,-0.058834,0.306636,-0.211288,-0.261263,0.361205,0.646753,0.095412,0.557834,0.228446,-0.205731,0.341467,0.216546,0.149929,0.215988,0.247393,0.002538,0.566586,0.227382,-0.042357,-0.023788,0.286278,-0.062938,0.310582,0.060171,-0.059879,0.116139,-0.075450,0.024669,0.115230,-0.226220,0.210291,0.440529,0.183819,0.008295,0.460002,0.198812,0.225665,-0.448469,0.559594,-0.431837,0.419171,0.239447,-0.006836,0.334223,-0.518627,0.365496,0.221291,0.471055,-0.913260,0.618155,-0.069833,0.732744,0.716548,-0.013600,-0.138635,-0.066822,-0.243734,-0.259285,-0.597683,-0.360537,0.355318,-0.254422,0.188200,-0.058209,0.063349,-0.468093,1.109310,0.540244,0.670711,0.419790,1.242491,0.437301,0.493115,0.840647,0.254557,0.264917,0.028965,0.203143,0.711390,0.699302,0.137958,0.103465,0.722934,1.099835,0.086248,-0.339555,-0.193697,-0.108760,-0.004141,-0.241794,0.096310,0.321390,0.147502,-0.150038,-0.024612,0.372297,0.264799,0.012335,0.530593,0.184576,0.013928,0.634229,0.701939,0.910715,0.865957,-0.012450,-0.237828,-0.063914,-0.200011,-0.022474,0.472830,-0.517304,-0.274725,0.011681,0.479659,1.242883,0.085027,-0.284190,-0.216152,0.472337,0.433892,-0.015748,-0.049056,0.506712,-0.459175,0.661021,0.067570,0.096129
-0.049609,-0.046520,0.267031,0.002706,-0.306892,0.112330,-0.198725,-0.032273,0.027767,0.353361,0.327392,-0.088582,0.092104,-0.189059,0.460819,1.206660,-0.085843,-0.071412,-0.029974,0.288137,0.435571,-0.093349,0.248712,0.554913,0.819539,0.294984,0.121657,-0.007969,0.541929,0.368323,-0.162336,0.718318,0.014139,0.404613,0.317014,0.595627,0.340349,0.467996,-0.214868,-0.059676,0.578075,-0.125237,0.240084,-0.042378,-0.064483,-0.097669,0.433702,0.401504,0.000000,0.206857,0.532305,0.291702,1.279329,1.042267,0.368009,0.413099,-0.133873,0.146318,0.087130,0.472146,-0.187907,0.342240,0.217812,0.316973,0.383102,0.227309,0.268726,0.387723,0.690992,0.105570,0.243019,0.741203,-0.085534,-0.020706,-0.178101,0.329672,0.044518,-0.055767,-0.300944,0.046976,-0.581103,-0.220174,0.236439,-0.024287,0.287828,-0.451914,-0.103841,-0.074453,0.073398,0.043894,0.003522,0.009472,-0.081131,0.147017,-0.015310,-0.453079,0.174800,-0.623477,-0.191976,-0.417207,0.021607,-0.168770,-0.349323,-0.412189,0.345081,-0.640254,0.141874,0.355106,0.524749,0.561246,0.228595,-0.606844,0.321830,0.074944,0.175077,-0.035996,-0.191581,-0.227643,0.331313,-0.200134,-0.333340,0.220541,0.350722,-0.156252,-0.289114,0.026949,-0.287057,0.162888,-0.345844,0.012093,-0.240867,0.220208,-0.065829,0.171486,-0.032073,0.327268,-0.477190,-0.093654,-0.297033,-0.005573,-0.153760,-0.114620,-0.247885,-0.051156,-0.159291,-0.329657,-0.296845,-0.192029,-0.324115,-0.116947,-0.158969,-0.283341,0.196488,0.419701,-0.274672,-0.247043,-0.320377,-0.468427,-0.012120,-0.136282,-0.483047,-0.296388,-0.085123,-0.170335,-0.176090,-0.128359,-0.243782,0.128571,-0.431046,-0.270881,-0.178632,-0.132582,-0.357728,-0.556102,0.094965,0.003831,-0.265396,-0.151582,-0.036361,-0.046274,-0.011153,0.325094,0.042257,-0.175003,-0.134760,0.081960,-0.123223,0.043633,0.279855,0.020834,0.109734,0.242293,0.001621,0.088756,-0.542990,-0.408520,-0.228541,-0.385879,0.507779,-0.261204,-0.164617,-0.321531,0.299314,-0.139270,-0.072165,0.000060,0.209224,-0.236285,0.060986,0.060262,0.361973,0.476069,-0.036443,-0.098601,0.313002,0.423480,0.342637,-0.084564,-0.076157,0.299768,0.333732,-0.148480,-0.362206,-0.280860,0.052077,-0.323670,0.293956,-0.242248,0.237267,0.319954,0.047884,-0.003023,-0.202354,-0.264873,0.257938,0.539703,0.535159,0.286056,0.104412,0.502895,0.048279,-0.485164,-0.089667,0.039565,-0.516394,-0.088776,-0.218342,0.263796,-0.407900,-0.086886,-0.064165,0.102748,-0.323853,0.065475,0.325904,-0.141639,0.010023,-0.128625,0.027101,-0.092364,-0.054285,-0.141188,-0.250542,0.090416
-0.221065,-0.033804,-0.276721,0.448010,0.047495,-0.172472,0.107459,-0.130896,-0.458618,0.125739,0.190188,-0.319219,0.439543,0.378232,-0.088236,0.052941,-0.308551,-0.332020,-0.171832,-0.065673,-0.310040,-0.228066,-0.173034,-0.201800,-0.262599,-0.402832,-0.443837,-0.302750,-0.089061,0.008510,-0.191377,-0.075913,-0.128176,-0.109073,-0.256956,-0.167813,-0.343979,-0.179521,-0.382107,-0.350856,-0.248995,-0.240503,-0.333886,-0.225940,-0.234185,-0.142766,0.148878,0.184181,0.206857,0.000000,0.201568,0.131197,0.371410,-0.109902,0.212281,0.263844,0.150458,0.221505,0.525116,0.113387,-0.170462,0.262980,0.035793,-0.318750,-0.382515,-0.268070,-0.547104,-0.126505,-0.111737,-0.241446,-0.088786,0.089164,-0.368521,0.160090,-0.114328,-0.100140,0.175823,-0.021710,-0.154723,0.694739,-0.507228,-0.619181,-0.594521,-0.059109,-0.520131,-0.476504,-0.205793,-0.237855,-0.172661,-0.146718,-0.199807,-0.307791,0.300937,0.139818,-0.016877,-0.535118,-0.162999,-0.345289,-0.560476,-0.425863,-0.208257,-0.584918,-0.438328,-0.470986,-0.226359,0.003729,0.024805,-0.163226,-0.123780,0.033552,-0.290298,0.039307,-0.163010,0.137683,0.306191,-0.435692,-0.305920,0.012013,-0.263233,-0.207447,-0.208435,0.394348,0.112945,0.234794,0.136052,0.170472,-0.427592,-0.309718,-0.526788,-0.137922,-0.247597,-0.433304,-0.363562,-0.199367,0.049276,-0.021204,-0.440257,0.104519,-0.403305,-0.056198,-0.223705,0.243715,0.052406,0.183705,0.299987,0.171870,0.198831,0.127249,0.033696,0.372965,0.262659,0.161414,-0.549675,-0.086895,0.099605,0.173153,0.218347,0.186763,0.291792,0.343507,-0.047865,0.072537,0.346138,-0.473967,0.195767,0.410144,0.202487,-0.041296,0.009157,0.168794,-0.072966,0.190172,-0.393375,-0.149488,0.199879,0.180648,0.180346,0.817280,0.181069,0.090396,-0.312829,0.098513,-0.322613,-0.052557,0.114336,-0.050833,-0.090849,0.476066,0.215968,0.376067,0.084710,0.089094,0.577081,0.259989,-0.231486,-0.205252,-0.037798,0.055671,-0.031367,-0.091634,0.359114,0.372895,0.235655,0.231571,0.368478,0.423110,0.330039,0.416799,0.457342,-0.190847,-0.215974,0.120538,0.541226,0.190935,0.245259,0.556348,0.106928,-0.057031,0.127303,0.574599,-0.119614,0.332951,-0.145675,-0.487770,0.167740,0.270874,-0.138277,-0.066309,-0.377084,-0.139729,-0.315623,-0.125179,0.012618,0.257094,0.080719,-0.073263,-0.205603,-0.044236,0.019517,0.201693,0.185868,-0.313179,-0.137403,0.146057,-0.215498,0.156565,-0.053739,0.016099,-0.121572,-0.551486,0.562570,0.135029,0.375969,-0.291497,0.030314,0.400068,-0.104415,0.322489,0.063079,0.361406,0.347083,0.126676,0.503874,0.156349
0.067140,0.233034,0.485426,-0.134796,-0.028221,-0.117627,-0.199128,-0.220564,-0.150035,0.325923,0.236313,0.040171,0.080212,-0.199459,0.175903,0.427533,0.028609,-0.073497,0.049517,0.081230,0.209644,0.180913,0.296287,0.146097,0.290765,0.137616,-0.021900,-0.056907,0.346620,-0.113354,-0.036401,0.268696,-0.051322,0.383746,0.228580,0.361694,0.263365,0.328667,-0.084527,0.112574,0.382820,0.162288,0.274510,0.192092,0.280952,0.089464,-0.006170,0.066567,0.532305,0.201568,0.000000,0.081136,0.281316,0.275783,0.261737,0.030557,-0.239184,-0.026054,-0.052569,0.066059,-0.292311,0.163676,-0.322756,0.046228,-0.049996,-0.206782,0.004696,-0.127977,0.118901,0.007885,-0.243173,0.209913,-0.430621,-0.037885,-0.228667,0.313822,0.002666,-0.189559,-0.372473,0.274977,-0.455069,-0.449549,-0.157364,-0.078944,0.222962,-0.549608,-0.186957,-0.087480,-0.040511,0.000855,-0.007725,-0.020011,-0.008216,0.224635,-0.036182,-0.419838,0.134141,-0.631864,-0.123280,-0.301607,0.205585,-0.238222,-0.442996,-0.450819,0.362243,-0.312384,0.319826,0.450591,0.461820,0.579311,0.204174,-0.414847,0.261082,-0.049766,0.101797,-0.312758,-0.356748,-0.342324,0.110525,-0.357217,-0.068223,0.395197,0.165910,-0.111155,-0.212307,0.030569,-0.473553,-0.153472,-0.276064,0.056810,-0.379590,0.261324,-0.071016,-0.054708,-0.018643,0.218026,-0.577569,-0.238176,-0.245958,0.122338,-0.224430,-0.127842,-0.043790,-0.063292,-0.165705,-0.155684,-0.242454,-0.152380,-0.146761,0.039490,-0.163590,-0.164966,-0.299656,0.291937,-0.060381,-0.164818,-0.139817,-0.143001,-0.199775,-0.123601,-0.225950,-0.197183,-0.026378,-0.383289,-0.236484,-0.054676,-0.206615,0.212351,-0.262859,-0.158252,0.017380,-0.347848,-0.093580,-0.610152,0.177755,0.108721,-0.102534,0.111087,0.215476,0.186186,-0.017734,0.446385,-0.231983,-0.267057,-0.039180,0.113351,-0.222449,0.193716,0.331951,0.107250,0.185843,0.257281,0.241371,0.245077,-0.299175,-0.545575,-0.189659,-0.228205,0.377440,-0.094312,-0.047770,-0.138705,0.271496,0.036217,0.128775,0.108993,0.057537,0.004726,0.179462,0.051596,0.298674,0.487135,0.066200,-0.322001,0.354245,0.094235,0.250257,-0.060077,-0.209352,0.146853,0.226892,0.074847,-0.489556,-0.185746,0.026763,0.065510,0.060001,-0.194060,-0.156877,0.114118,-0.414340,0.123814,-0.073494,-0.073961,0.200314,0.053996,0.006984,-0.036701,0.006554,0.158906,0.086675,-0.427087,0.095988,-0.176325,-0.492209,0.030128,-0.067623,0.032166,-0.187336,-0.177133,0.154214,0.038516,-0.149978,-0.392002,0.249646,-0.012172,-0.206457,-0.153918,0.034323,-0.008635,0.119076,-0.175844,-0.211748,0.084010
0.021324,-0.144929,0.216241,0.315236,0.340544,-0.391212,-0.246180,0.099697,-0.630998,0.047140,-0.481547,0.588122,0.272991,0.585453,-0.016770,0.150069,-0.545998,-0.530320,-0.582180,-0.113307,-0.080341,-0.587498,-0.386809,-0.004533,-0.117961,-0.227058,-0.551263,-0.482705,0.407717,0.139764,-0.529630,0.082410,-0.243109,-0.019313,-0.170423,0.085725,-0.403805,-0.338608,-0.576907,-0.458487,-0.081240,-0.740362,-0.482543,-0.639437,-0.669514,-0.711292,0.406401,0.911792,0.291702,0.131197,0.081136,0.000000,0.576589,0.448039,0.231298,0.810486,0.577753,0.608007,-0.119188,0.535525,-0.491559,0.730521,-0.191578,-0.434886,-0.412629,-0.255291,-0.421786,0.550018,-0.089262,-0.635714,-0.257843,0.536768,-0.490605,0.698039,-0.367140,0.265093,-0.526752,0.604998,0.219282,-0.062555,-0.563023,-0.242758,-0.143462,0.280578,0.283950,-0.623246,-0.607925,-0.659294,-0.715738,-0.781901,-0.658499,-0.667663,-0.585836,-0.708960,-0.732678,-0.465931,-0.529464,-0.460250,-0.385154,-0.418743,-0.487158,-0.217104,0.224203,-0.170102,-0.192032,-0.280251,-0.688467,-0.317008,-0.004601,-0.033343,-0.098639,-0.309685,-0.527367,-0.709183,0.488011,-0.480461,-0.520049,0.141718,0.124819,-0.408321,-0.387972,-0.115974,-0.243215,-0.545190,-0.412603,-0.499502,-0.233521,-0.123826,-0.172303,-0.320171,-0.141174,-0.264378,-0.842310,-0.162740,-0.854922,0.009101,-0.036590,0.131823,-0.224969,0.007567,-0.011530,0.694988,0.013846,0.574473,0.256123,0.106362,0.494044,0.244917,0.324602,0.355073,0.136026,0.129805,0.288414,0.125855,0.228930,0.135465,0.414883,0.269248,0.150525,0.091146,0.169144,0.294582,0.005720,0.244139,0.318068,0.024975,0.250846,0.239581,0.346474,0.131328,0.312301,0.293060,0.005144,-0.295717,0.617988,0.033816,0.172329,0.006984,0.158595,0.236560,-0.586077,0.012591,0.111302,0.347018,-0.454385,0.667128,0.110512,0.421310,0.437849,0.070939,0.018668,-0.256727,-0.241710,-0.206380,-0.429336,-0.311049,0.139255,-0.188920,0.069308,-0.097894,0.254317,-0.205222,0.660391,0.174493,0.824841,0.490781,0.607471,0.454961,0.586664,0.708855,-0.049109,-0.103863,0.203875,0.035317,0.278582,0.431183,-0.057685,-0.169877,0.487436,0.607097,-0.317646,-0.430308,-0.235226,-0.222572,-0.230733,-0.219669,0.156228,0.529976,-0.047408,-0.100501,0.013215,0.275621,0.303836,0.118560,0.063683,0.319524,-0.259586,0.407284,0.215247,0.609967,0.853282,0.296821,0.254008,0.088107,-0.191880,-0.034002,0.400455,-0.193181,-0.482065,-0.255770,0.205719,0.689638,0.377467,-0.214039,0.075778,0.497523,0.456483,0.450882,0.166801,0.221041,-0.176270,0.824134,0.199899,0.493791
-0.118087,-0.146826,0.122008,0.037875,-0.166864,-0.067208,-0.060447,-0.099912,-0.149521,0.389767,0.145467,-0.019199,0.172490,0.186609,0.362651,0.741575,-0.367625,-0.201732,-0.197554,0.169000,0.189186,-0.307697,-0.030066,0.289188,0.422400,0.059984,-0.119680,-0.156351,0.476162,0.306639,-0.365208,0.747599,-0.061517,0.154828,0.046696,0.336964,0.025551,0.171208,-0.416991,-0.271428,0.307335,-0.393258,-0.065542,-0.317380,-0.367142,-0.354594,0.613765,0.645999,1.279329,0.371410,0.281316,0.576589,0.000000,0.954563,0.553026,0.699335,0.198796,0.391375,0.131729,0.602474,-0.245784,0.497018,0.178246,0.069351,0.190398,0.142552,0.032302,0.499116,0.496060,-0.098875,0.226499,0.969901,-0.165923,0.313536,-0.143476,0.202484,-0.070357,0.118582,-0.153077,0.167382,-0.590738,-0.229204,0.119648,-0.054654,0.117263,-0.533835,-0.186376,-0.194805,-0.102454,-0.117503,-0.204594,-0.125390,-0.017297,-0.092085,-0.077903,-0.557623,0.025493,-0.625759,-0.303267,-0.587951,-0.123364,-0.226786,-0.188609,-0.334949,0.248305,-0.633087,-0.048893,0.199444,0.265064,0.325122,0.138090,-0.489064,0.136185,-0.073710,0.395815,-0.176042,-0.250388,-0.194595,0.118396,-0.171649,-0.299437,0.146105,0.215104,-0.094425,-0.183690,-0.018516,-0.399859,0.131539,-0.282179,-0.176488,-0.217104,0.005910,-0.268586,0.047607,-0.205237,0.270960,-0.463454,0.024968,-0.238390,0.141400,-0.056714,0.221545,-0.062294,0.282083,0.116330,-0.077413,0.058807,0.079278,-0.192911,0.155876,0.098027,-0.022047,0.313773,0.478346,-0.116865,0.014077,-0.025875,-0.190750,0.212585,0.142001,-0.204473,-0.131606,0.093845,-0.022556,0.055078,0.055374,-0.000498,0.151990,-0.156807,0.022232,-0.181220,0.166673,-0.445025,-0.551977,0.153504,-0.056233,-0.251802,-0.078461,-0.037059,-0.123387,-0.298803,0.186831,-0.090942,-0.046264,-0.322209,0.119969,-0.045497,0.159916,0.279095,-0.044064,-0.050373,-0.050906,-0.054670,-0.067591,-0.798706,-0.504804,-0.276247,-0.521591,0.233617,-0.448746,-0.121800,-0.378215,0.453438,-0.110773,0.220277,0.059151,0.400678,-0.137075,0.120983,0.186817,0.208090,0.412129,0.125567,-0.080734,0.349139,0.711642,0.217894,-0.117945,0.203587,0.513307,0.068256,-0.071928,-0.260509,-0.271823,0.171185,-0.305782,0.276718,-0.113499,0.269598,0.216671,0.156359,0.095347,0.093011,-0.087951,0.168775,0.459329,0.351738,0.388064,0.153934,0.666617,0.291982,-0.356957,-0.085006,0.147923,-0.412302,-0.189249,-0.022346,0.173035,-0.474162,-0.169112,0.042423,0.335299,0.001432,0.073900,0.186164,0.142506,0.228636,0.067250,0.077914,0.080689,-0.157188,0.125339,0.004904,0.150196
0.041446,0.036050,0.299450,-0.159924,-0.216119,-0.077229,-0.256694,0.095257,0.034277,0.330074,0.224129,0.104295,-0.041892,-0.068404,0.441900,0.955121,-0.169260,-0.134480,-0.214035,0.236529,0.499890,-0.174187,0.070277,0.621020,0.673157,0.378912,0.168577,-0.089836,0.886754,0.313470,-0.290229,0.463930,0.088094,0.241935,0.160455,0.645716,0.367826,0.166763,-0.246599,-0.112613,0.687057,-0.285096,0.154385,-0.198076,-0.241037,-0.318010,0.625429,0.494431,1.042267,-0.109902,0.275783,0.448039,0.954563,0.000000,0.347846,0.543048,0.111367,0.377163,0.106888,0.685585,-0.110868,0.368987,0.138237,0.258724,0.357159,0.276492,0.266314,0.551161,0.553513,-0.034997,0.336192,1.012984,-0.082983,0.003065,-0.282288,0.266880,-0.007123,0.061105,-0.219591,-0.155380,-0.371241,-0.097873,0.388510,0.119311,0.355264,-0.400824,-0.215664,-0.219144,-0.217573,-0.141983,-0.145816,-0.074680,-0.340533,-0.136791,-0.177820,-0.442588,-0.052975,-0.461757,-0.199684,-0.394314,-0.198589,-0.083273,-0.101224,-0.110095,0.191272,-0.446157,-0.084302,0.145451,0.344190,0.360480,0.219149,-0.480607,0.205616,-0.065731,0.126196,-0.085082,-0.284855,-0.109191,0.179615,-0.241960,-0.291858,-0.053568,0.148304,-0.360523,-0.490257,-0.131754,-0.219280,0.223413,-0.208860,-0.132012,-0.127737,0.096450,-0.221778,0.028862,-0.305686,0.042717,-0.262121,0.071119,-0.210627,0.060157,0.051085,0.050854,-0.056712,0.050510,0.010749,-0.138922,-0.112133,0.005292,-0.147121,-0.037588,-0.007571,-0.030058,0.457543,0.292763,-0.127815,-0.097993,-0.147519,-0.222022,0.085247,-0.037109,-0.101046,-0.076001,-0.040906,-0.017778,-0.133904,-0.143830,-0.023544,0.041118,-0.177601,-0.076716,-0.032509,-0.136596,-0.099254,-0.498194,-0.135779,-0.080454,-0.285510,-0.300881,-0.162689,-0.024781,0.044334,0.186754,0.106351,-0.090586,-0.428714,0.048511,-0.123776,0.023489,0.280763,-0.145246,0.018571,0.038809,-0.259171,-0.202701,-0.385726,-0.337383,-0.114092,-0.334468,0.302491,-0.261804,-0.248607,-0.407326,0.439775,-0.190064,-0.057962,-0.072596,0.181316,-0.191198,0.052597,0.193315,0.506215,0.386069,-0.003473,-0.030279,0.278502,0.464118,0.365223,-0.071564,0.108818,0.289401,0.073724,-0.320477,-0.374701,-0.017826,0.077380,-0.303284,0.349396,-0.241863,0.511189,0.371553,0.320062,0.278669,-0.005373,-0.252239,0.039779,0.468546,0.449591,0.411105,-0.004667,0.458922,0.157546,-0.223607,-0.093670,0.132066,-0.252531,0.030435,0.004125,0.060116,-0.396985,0.106101,-0.147461,0.174032,-0.412113,0.069964,0.231472,-0.133484,0.034443,-0.094755,0.009791,-0.113887,-0.167728,-0.049455,-0.363532,0.067563
-0.162468,-0.124218,0.145124,-0.311196,-0.434540,-0.243907,0.226758,-0.315204,0.057050,0.582604,0.050993,0.119218,0.157227,0.221800,0.646578,0.154661,-0.294324,0.053821,-0.035046,0.126702,-0.201395,-0.051144,0.019965,0.196851,0.050542,-0.134206,-0.014768,-0.058544,0.244052,-0.116497,-0.287263,0.678948,-0.095934,-0.039519,-0.028203,-0.126164,-0.036593,0.152591,-0.211425,-0.029882,0.249536,-0.098638,0.062673,-0.160753,-0.205628,-0.232514,0.749172,0.274357,0.368009,0.212281,0.261737,0.231298,0.553026,0.347846,0.000000,0.654548,0.419707,0.499585,0.240758,0.410598,0.154362,0.417279,0.089891,0.272577,0.322835,0.320717,0.008503,0.589399,0.422976,0.161182,0.312539,0.633986,0.085755,0.326275,0.195521,0.037336,-0.006576,-0.081678,-0.081745,0.321421,-0.082950,-0.002397,0.032296,-0.151395,0.035506,-0.328387,-0.027349,0.017982,0.153308,0.100233,0.043374,0.234532,0.439364,-0.193268,0.319726,-0.229650,0.259822,-0.272333,0.040064,-0.223554,0.247459,-0.098713,0.010530,-0.090180,0.634973,-0.426036,0.112427,0.453216,0.137316,0.248519,0.460224,-0.172280,0.323468,-0.089097,0.442088,-0.016648,-0.070426,-0.412558,-0.340059,-0.142524,0.199524,0.304280,0.275889,0.233169,0.011058,0.177999,-0.385608,0.320794,-0.074448,-0.010070,-0.188080,0.146685,0.002669,-0.041842,0.042268,0.272630,-0.396081,0.235668,0.136774,0.235078,-0.004603,0.132088,0.118992,0.252494,0.196177,0.019194,0.012979,0.262565,-0.311504,0.143408,0.249618,0.231365,0.166948,0.621062,-0.117438,0.118175,0.004672,-0.131904,0.304601,0.476398,0.040414,-0.192609,0.281078,-0.042240,0.142942,0.069106,0.088047,0.044841,-0.189268,0.257249,-0.386463,0.178152,-0.514162,-0.414267,-0.087716,-0.297949,-0.448188,0.053589,-0.268080,-0.308068,-0.236768,0.343207,-0.433655,0.012894,-0.247441,-0.128821,0.005869,0.224380,0.243524,-0.321742,-0.456849,-0.321239,-0.118336,-0.311082,-0.952175,-0.527599,-0.575097,-0.735862,-0.162832,-0.739828,-0.420752,-0.466238,0.265434,-0.070878,0.251890,-0.322637,0.359191,-0.280056,-0.141644,0.280110,0.473906,0.648376,0.209006,-0.204657,0.315549,0.732342,0.327686,-0.060274,0.465584,0.483687,0.023103,0.545926,-0.028813,0.262659,0.686322,0.236531,0.123647,-0.166993,0.429690,0.199033,0.264916,0.032098,0.581568,0.191206,0.143898,0.332598,0.396841,0.567244,0.226110,0.647243,0.273977,-0.298011,-0.247777,-0.015055,-0.071361,-0.301720,0.329759,0.176497,-0.062367,0.031349,0.004359,0.328678,0.178772,0.184623,-0.286620,0.028551,0.094598,-0.220049,-0.064244,-0.045760,-0.333136,-0.059952,-0.045180,-0.325680
0.156895,0.141480,0.052197,0.099123,-0.126733,-0.713236,-0.140567,0.195406,-0.466495,0.029595,-0.203751,0.481491,0.659314,0.553217,0.460824,0.185530,-0.611134,-0.495896,-0.656292,-0.358452,-0.302929,-0.534918,-0.470892,-0.131639,-0.152300,-0.435301,-0.458100,-0.485675,0.390053,-0.189111,-0.816843,0.380124,-0.543920,-0.221234,-0.262178,-0.155563,-0.344325,-0.243588,-0.706139,-0.515724,-0.039476,-0.804477,-0.334723,-0.719284,-0.821437,-0.783143,0.708402,1.030068,0.413099,0.263844,0.030557,0.810486,0.699335,0.543048,0.654548,0.000000,0.650914,1.048051,0.073531,1.019225,-0.185893,1.206600,0.040374,-0.039448,-0.014850,0.174786,-0.140507,0.842628,0.026646,-0.324877,0.238222,0.956419,-0.336442,0.417529,-0.299643,0.149345,-0.361363,0.557293,0.324210,0.176983,-0.364550,-0.206515,0.065871,0.395835,0.126422,-0.726711,-0.629357,-0.641009,-0.442790,-0.513680,-0.525742,-0.406076,-0.163379,-0.515138,-0.367668,-0.501450,-0.348670,-0.394828,-0.294673,-0.418580,-0.310806,-0.084621,0.154459,-0.087847,0.045705,-0.142229,-0.431012,0.003803,-0.074361,0.085759,0.231307,-0.145126,-0.171874,-0.263751,0.884186,-0.380958,-0.421431,0.101808,-0.230098,-0.546892,-0.073550,0.118136,0.357010,-0.351185,-0.435194,-0.396558,-0.494502,0.248930,-0.151327,-0.007229,0.034162,-0.270090,-0.691762,0.165444,-0.334858,0.346235,-0.049412,0.518527,-0.064443,-0.269337,0.286102,0.503203,0.028831,0.371069,0.229970,-0.148550,0.160698,0.186699,-0.054327,0.066897,0.308307,0.083278,0.322221,0.119578,-0.168957,-0.041620,0.088047,-0.070043,0.303535,0.165066,-0.041896,0.001957,0.017721,-0.079330,0.107795,-0.153172,0.163952,0.275470,-0.059502,0.050205,0.193103,0.298597,-0.115787,-0.378910,0.275427,-0.453885,0.214839,0.282759,-0.338552,0.023730,-0.437588,0.225652,-0.028749,0.502909,-0.660545,0.245415,0.029998,0.570102,0.627074,-0.139125,-0.349507,-0.191815,-0.256302,-0.419949,-0.713550,-0.408189,0.000454,-0.326260,-0.054888,-0.317577,-0.063752,-0.445598,0.881885,0.418193,0.520177,0.156590,1.050377,0.174849,0.248368,0.662932,0.265862,0.460151,0.144557,0.158222,0.608104,0.888658,0.386509,0.021295,0.959664,1.010953,-0.034187,-0.018683,-0.193137,0.079636,0.226220,-0.045959,0.043244,-0.064813,0.298558,-0.008376,0.248138,0.304758,0.397665,0.245863,0.374065,0.370704,0.213654,1.036419,0.568850,1.121519,0.823106,-0.022041,-0.281000,0.188320,0.074881,0.114962,0.337888,-0.318296,-0.094333,-0.014238,0.304929,0.674697,0.114651,-0.162408,-0.367650,0.206993,0.218420,-0.024005,-0.225092,0.217813,-0.461409,0.398996,-0.028127,-0.184257
-0.046331,-0.157140,-0.212583,0.136754,0.176137,-0.596671,0.225871,-0.038816,-0.304464,0.051088,-0.606427,0.223864,0.142039,0.897003,0.050572,-0.352369,-0.297487,-0.286570,-0.276717,-0.195442,-0.434841,-0.326816,-0.372571,-0.181157,-0.342649,-0.532418,-0.478228,-0.223786,0.333147,-0.064093,-0.258388,0.028849,-0.298351,-0.187928,-0.261827,-0.412535,-0.629669,-0.362126,-0.247800,-0.178041,-0.057636,-0.317787,-0.230022,-0.279666,-0.356792,-0.379329,0.661143,0.347767,-0.133873,0.150458,-0.239184,0.577753,0.198796,0.111367,0.419707,0.650914,0.000000,0.935782,0.040255,0.275377,0.004633,0.289716,-0.155910,-0.295955,-0.175514,-0.024614,-0.417526,0.503651,-0.216855,-0.196790,0.184161,0.250005,-0.088783,0.292833,-0.074885,-0.010734,-0.292320,0.199876,0.270532,0.018268,0.001614,0.004630,-0.148496,0.244639,-0.140587,-0.245221,-0.349350,-0.395340,-0.414087,-0.473452,-0.682218,-0.341585,-0.106629,-0.815226,-0.260925,-0.106244,-0.353132,0.047670,-0.096121,-0.095452,-0.270574,-0.121763,0.341168,0.223120,-0.261877,0.144339,-0.424531,-0.404337,-0.304926,-0.324734,-0.163880,0.232513,-0.415959,-0.284023,0.186294,-0.191524,-0.155757,0.188314,-0.424373,-0.070250,-0.002135,-0.127412,-0.243252,-0.168548,0.047278,-0.245188,-0.106100,-0.029102,0.104043,-0.346077,0.131724,-0.375235,-0.479588,-0.353593,-0.324164,-0.085481,0.173911,0.374495,-0.074406,0.031755,0.164790,0.499144,0.149843,0.491206,0.429578,0.321332,0.590598,0.387116,0.292458,0.441832,0.488425,0.419109,0.092334,-0.039430,0.355617,0.395722,0.522529,0.454041,0.366974,0.293810,0.380092,0.457660,0.232955,0.344588,0.375782,0.209421,0.395337,0.150820,0.382496,0.427702,0.110037,0.567415,-0.024238,0.183146,0.092288,-0.130733,0.057703,0.084140,-0.094364,0.054721,-0.415802,-0.162113,-0.220694,0.302612,-0.327987,0.152194,0.307567,0.145935,0.024698,-0.066487,-0.394747,-0.553222,-0.205108,-0.471950,-0.199218,-0.140877,0.006231,-0.160389,-0.402982,-0.172232,0.003194,-0.083890,0.281968,0.073740,0.529582,0.130372,0.324267,0.239662,0.201873,0.272570,-0.177837,-0.029417,0.408375,0.232878,0.129041,0.353693,0.072303,-0.111177,0.477964,0.301377,-0.568821,0.092450,0.179757,0.256139,0.366644,0.302036,-0.010142,0.159480,0.140271,0.144017,0.403720,0.462790,0.676795,0.467700,-0.222381,0.033191,-0.133823,0.332696,0.044364,0.242794,0.442255,0.365630,0.203326,0.214271,0.333843,0.032733,0.364229,-0.118600,-0.066364,-0.081731,0.105312,0.394797,0.317695,-0.076425,-0.282977,0.370137,0.444320,0.421331,-0.029691,0.104540,-0.141471,0.547108,0.402541,0.084861
0.046765,0.047008,-0.065586,0.077870,-0.022093,-0.902894,-0.062971,0.409265,-0.353108,-0.051002,-0.341110,0.340646,0.530589,0.692527,0.464653,-0.029945,-0.400207,-0.433474,-0.544232,-0.411071,-0.491954,-0.279696,-0.505149,-0.108864,-0.317312,-0.542509,-0.378340,-0.418989,0.552563,-0.255927,-0.558486,0.126927,-0.503583,-0.300836,-0.285670,-0.371998,-0.402920,-0.409211,-0.409219,-0.398871,-0.002198,-0.445626,-0.207348,-0.433363,-0.538180,-0.521890,0.927614,0.661488,0.146318,0.221505,-0.026054,0.608007,0.391375,0.377163,0.499585,1.048051,0.935782,0.000000,0.184856,0.897685,0.146702,0.778004,0.160017,0.068740,0.043703,0.305190,-0.274261,0.755293,-0.144968,-0.225749,0.439380,0.558173,-0.184180,0.246555,-0.173065,-0.031347,-0.181561,0.322788,0.335252,0.079093,-0.011051,-0.057101,-0.001411,0.581191,0.044113,-0.524436,-0.549293,-0.640151,-0.482339,-0.554956,-0.556916,-0.306235,-0.194415,-0.778404,-0.280583,-0.379503,-0.423059,-0.180932,-0.263254,-0.150206,-0.389668,-0.193837,0.314450,0.032969,-0.218356,0.072059,-0.517480,-0.301841,-0.286150,-0.206899,0.027562,-0.027677,-0.338011,-0.282003,0.461259,-0.297930,-0.271170,0.276652,-0.362204,-0.393502,-0.266823,-0.203278,0.217781,-0.316002,-0.281561,-0.211405,-0.208918,0.216694,-0.099017,0.037356,0.092782,-0.379509,-0.612101,-0.176305,-0.353317,0.048041,0.187872,0.635838,-0.089932,-0.288314,0.196983,0.528572,0.073675,0.309029,0.345793,0.047173,0.293906,0.267146,0.229250,0.225983,0.450269,0.324871,0.211878,-0.085794,0.181708,0.110204,0.288787,0.150582,0.374553,0.284402,0.233387,0.404839,0.165421,0.013157,0.264891,0.006527,0.322071,0.093844,0.213704,0.239977,0.207266,0.331678,0.014972,-0.054233,0.039647,-0.349532,0.188483,0.225513,-0.325791,-0.014839,-0.329548,0.069448,0.094750,0.573406,-0.435786,0.128095,0.158665,0.556977,0.302365,-0.324167,-0.465129,-0.478865,-0.369271,-0.601840,-0.389303,-0.450912,0.005568,-0.157381,-0.312966,-0.397646,-0.288954,-0.295958,0.679846,0.289779,0.409302,0.046645,0.584429,0.220008,0.220104,0.545805,0.222392,0.227977,0.284991,0.245289,0.284364,0.648120,0.579797,-0.106468,0.598599,0.779055,-0.338633,-0.006627,0.037416,0.408631,0.385940,0.165205,-0.022185,-0.052606,0.408394,0.136886,0.447693,0.314697,0.449098,0.299796,0.181620,0.169789,0.193952,0.788236,0.355751,0.632040,0.599218,0.230181,-0.252977,0.261867,0.233445,0.303791,0.491552,-0.327958,-0.223971,0.160094,0.231382,0.461042,0.179282,-0.188724,-0.547595,0.180380,0.142734,0.119745,-0.355063,0.142357,-0.372504,0.359315,0.070357,-0.191876
-0.361688,-0.161756,-0.125880,0.124484,-0.296141,0.080410,0.075706,-0.039856,0.072298,0.319175,0.386299,-0.290729,0.051336,0.064370,0.127460,0.101962,-0.140409,-0.012568,-0.043783,0.239033,-0.152070,-0.086137,0.064723,0.209502,0.056400,-0.072285,0.038202,-0.119100,-0.004410,0.267985,-0.075098,-0.093263,0.300291,-0.090221,-0.120227,-0.108258,-0.009673,-0.095243,-0.138115,-0.169117,0.022828,0.023653,0.043912,-0.083255,-0.162421,-0.153153,0.306013,-0.075364,0.087130,0.525116,-0.052569,-0.119188,0.131729,0.106888,0.240758,0.073531,0.040255,0.184856,0.000000,0.259806,0.435715,0.002064,0.306398,0.211757,0.150679,0.229067,-0.181822,0.141117,0.224252,0.027628,0.256420,0.141136,0.179874,-0.291420,-0.037358,-0.135988,0.577992,-0.288315,-0.355879,0.103180,-0.035701,-0.200798,-0.233639,0.045475,-0.322688,-0.067660,0.022260,-0.044629,-0.036045,0.051954,0.174237,0.027541,0.177098,0.129381,0.158273,-0.234227,-0.048108,0.077718,-0.278217,-0.214646,-0.200136,-0.262249,-0.283327,0.167545,-0.104576,0.020814,0.063582,-0.179230,0.015845,0.054402,-0.080845,0.243778,0.176514,0.464010,-0.120963,0.020167,-0.120914,0.155214,-0.417911,-0.079889,-0.101557,0.192326,-0.012912,0.210095,-0.097968,0.206107,-0.008075,0.044503,-0.482002,-0.156778,-0.101902,-0.262989,-0.030097,-0.165152,0.052594,-0.431412,-0.190676,0.463691,-0.307647,-0.008011,-0.372976,-0.126625,0.032946,-0.028484,0.277614,0.163488,0.031680,0.237171,-0.099290,0.169896,0.226786,0.336639,-0.213911,-0.039103,0.109202,0.307913,0.135507,0.065094,0.475958,0.424707,0.277159,0.123663,0.408977,-0.401806,0.086269,0.348914,0.336912,-0.467177,0.064714,0.245118,-0.345200,-0.137653,-0.317447,0.190501,-0.498941,0.078133,-0.187181,0.348022,-0.255561,-0.075588,0.219951,0.064028,-0.102455,-0.261357,0.287862,-0.578897,0.014317,0.050034,0.038742,0.065508,-0.056155,0.044858,0.121412,-0.110764,-0.036059,0.135103,0.049216,-0.040324,-0.200119,-0.167908,0.041019,0.455498,0.058666,-0.157050,-0.175228,0.024938,-0.011151,0.169838,0.284134,-0.229429,0.372285,0.163686,0.734752,0.442946,0.052284,0.592656,0.352728,0.181141,0.132275,0.264052,-0.051066,0.156535,-0.143453,-0.092108,0.081354,0.424735,0.045436,-0.201529,0.183170,-0.000326,0.045994,-0.310177,-0.013505,0.011168,-0.279950,0.202959,0.201081,-0.010089,-0.248091,0.051708,-0.147230,-0.155973,-0.295099,0.041686,-0.040200,0.186375,0.157533,0.220471,0.055171,-0.067511,0.063781,-0.143165,-0.101089,-0.007675,-0.166491,-0.010204,-0.253699,0.073436,0.037186,-0.069103,0.364686,-0.347904,0.120700,-0.085916
0.219266,0.230395,0.356063,-0.046344,-0.181356,-0.433918,-0.342271,0.549424,-0.312901,0.003654,0.023231,0.514624,0.591898,0.240519,0.611281,0.337617,-0.543215,-0.429057,-0.696371,-0.405905,-0.250806,-0.415044,-0.457606,0.037260,-0.084113,-0.317077,-0.244512,-0.514622,0.480167,-0.174955,-0.864851,0.329533,-0.526478,-0.210445,-0.144203,-0.064925,-0.175103,-0.303970,-0.658751,-0.637538,0.033467,-0.688568,-0.165649,-0.696184,-0.785043,-0.802899,0.642406,1.053667,0.472146,0.113387,0.066059,0.535525,0.602474,0.685585,0.410598,1.019225,0.275377,0.897685,0.259806,0.000000,0.009370,0.940524,0.264204,0.243054,0.152347,0.416601,-0.107444,0.681897,-0.001920,-0.290119,0.375007,0.927840,-0.223287,0.119522,-0.349649,0.293358,-0.059423,0.403172,0.160319,0.031507,-0.231240,-0.147998,0.248050,0.558058,0.262775,-0.617841,-0.590072,-0.690018,-0.392646,-0.452194,-0.259568,-0.289925,-0.302809,-0.489715,-0.329610,-0.470961,-0.347966,-0.393449,-0.267531,-0.439578,-0.393993,-0.069470,0.078518,-0.043512,0.044455,-0.148875,-0.404046,0.048298,0.155956,0.276192,0.275454,-0.375592,0.010385,-0.203881,0.574738,-0.240891,-0.433773,0.183081,-0.050785,-0.738391,-0.227995,-0.018170,0.418825,-0.527555,-0.799004,-0.337848,-0.399733,0.515214,-0.310983,0.230106,0.029251,-0.220416,-0.561745,0.256807,-0.324288,0.171698,-0.032605,0.502059,-0.104102,-0.320262,0.246786,0.332177,-0.017933,0.151220,0.121846,-0.332140,0.007253,0.129948,-0.023885,-0.002822,0.168227,0.010036,0.499788,0.157094,-0.156870,-0.155320,0.014151,-0.248549,0.327726,0.114202,-0.081828,0.074767,-0.050760,-0.181070,0.005143,-0.284079,0.134166,0.184162,-0.039189,-0.058139,0.249004,0.007360,0.093900,-0.394552,0.056026,-0.604915,0.178137,0.189740,-0.395564,0.042382,-0.088575,0.447358,0.335668,0.377290,-0.594718,0.127579,-0.077923,0.579193,0.673143,-0.297313,-0.435861,-0.089083,-0.386931,-0.472695,-0.641344,-0.325109,0.169858,-0.339048,-0.019528,-0.298656,-0.346123,-0.487856,0.855869,0.338486,0.183927,0.072847,0.798669,0.148339,0.298410,0.684225,0.676659,0.475755,0.047743,0.222163,0.598565,0.781366,0.667813,0.004505,0.571415,1.019521,0.070300,-0.271684,-0.272195,0.143473,0.118039,-0.194293,0.108495,-0.096273,0.603031,0.030072,0.257114,0.135968,0.140105,-0.086522,0.450677,0.267980,0.413142,0.784988,0.524935,0.782443,0.507881,-0.101289,-0.548429,0.009033,-0.098476,0.162848,0.459685,-0.403389,-0.146308,0.281359,0.237325,0.561824,-0.202469,-0.135974,-0.472530,0.067461,0.042774,-0.263179,-0.410632,0.174055,-0.560899,0.099929,-0.203341,-0.273276
-0.254329,-0.204653,-0.321755,-0.240080,-0.429075,0.092097,0.336273,0.199004,0.686883,0.009635,0.099275,-0.249836,-0.134637,-0.170458,0.392924,-0.145092,0.326634,0.330927,0.210291,0.099839,-0.214587,0.393685,0.134605,0.260662,0.041757,0.027599,0.445837,0.268983,-0.010189,-0.095140,0.243673,-0.019977,0.170101,-0.174626,-0.017235,-0.351481,0.187022,0.093333,0.411007,0.230845,0.139610,0.439105,0.370268,0.284319,0.188962,0.264009,0.244820,-0.431502,-0.187907,-0.170462,-0.292311,-0.491559,-0.245784,-0.110868,0.154362,-0.185893,0.004633,0.146702,0.435715,0.009370,0.000000,-0.207776,0.503625,0.874803,0.768021,0.832337,0.261337,0.225370,0.275671,0.492968,0.672010,-0.154367,0.865680,-0.465411,0.508994,-0.499853,0.605068,-0.388430,-0.051806,-0.083081,1.048534,0.414913,0.295175,0.064510,0.028165,0.437537,0.369394,0.327890,0.406614,0.403485,0.421198,0.610360,0.327350,0.009820,0.599829,0.302285,0.274283,0.456444,0.191392,0.579573,0.179325,-0.019914,0.187881,0.380346,0.027756,0.207757,0.091642,-0.074698,-0.319706,-0.403683,0.024574,0.300375,0.158415,0.374677,-0.343292,0.609791,0.446182,0.072919,-0.320972,0.296938,-0.042636,-0.294909,0.144500,0.379396,0.182807,0.579584,0.544344,0.320388,0.010703,0.221104,0.023583,0.150846,0.440173,-0.201040,0.420828,-0.261204,0.295211,0.354601,0.186941,-0.177106,-0.094816,-0.356551,0.003636,-0.313327,0.051256,0.032154,-0.250507,0.041638,-0.071269,-0.203611,0.128307,0.286979,0.035068,-0.188328,0.064605,0.059542,-0.153178,-0.101057,0.164905,0.257735,0.233996,0.144833,0.260804,-0.039259,0.050162,0.055272,0.109034,-0.495494,-0.068875,0.149622,-0.346545,-0.070262,-0.060226,0.387395,-0.775318,-0.058474,-0.309340,-0.099078,-0.428323,-0.488259,0.575583,-0.155002,0.228311,0.081466,0.406459,-0.508549,-0.001392,-0.124934,-0.315677,-0.380902,-0.290900,-0.186384,-0.196074,-0.267661,0.209773,0.110325,-0.255132,0.106404,-0.309218,-0.248741,-0.647468,0.060266,-0.289174,-0.272108,-0.549678,-0.657369,-0.358177,-0.332312,-0.442913,-0.094740,0.261264,-0.012890,0.041869,0.137917,-0.417963,-0.023625,0.413511,0.033202,-0.097180,-0.155848,-0.176818,0.334239,0.438369,0.842714,0.462744,0.385388,-0.087635,-0.410159,0.540456,0.104166,0.537458,-0.216453,-0.109118,0.096515,-0.126884,0.014939,0.509419,0.139881,-0.112556,-0.136587,-0.449296,0.098869,-0.337386,0.174861,0.522591,0.083126,0.179410,0.254910,0.010805,0.354302,-0.237524,-0.382915,-0.066759,0.444727,-0.491929,-0.412684,-0.389958,-0.175689,-0.269546,-0.299300,-0.048299,-0.453188,-0.119840,-0.468179
0.169540,0.239279,0.180873,0.213339,-0.021443,-0.797947,-0.440950,0.401176,-0.675173,-0.179727,-0.268227,0.605684,1.123770,0.420937,0.430155,0.163903,-0.733159,-0.688398,-0.890962,-0.433916,-0.336629,-0.596806,-0.476337,-0.156599,-0.285572,-0.458319,-0.489386,-0.674033,0.327390,-0.346652,-1.092377,0.208081,-0.523175,-0.272442,-0.343678,-0.145322,-0.265438,-0.396638,-0.829597,-0.682767,-0.177826,-0.872828,-0.533102,-0.872884,-0.832958,-0.918654,0.416070,1.219062,0.342240,0.262980,0.163676,0.730521,0.497018,0.368987,0.417279,1.206600,0.289716,0.778004,0.002064,0.940524,-0.207776,0.000000,-0.051385,-0.076921,-0.156886,0.068374,-0.206753,0.678405,-0.079289,-0.602955,-0.041885,0.818322,-0.488796,0.498432,-0.392708,0.247300,-0.488629,0.754104,0.424641,0.207649,-0.337798,-0.323575,-0.118190,0.604241,0.149888,-0.939498,-0.867231,-0.842074,-0.551664,-0.695172,-0.464775,-0.515326,-0.248910,-0.405232,-0.502543,-0.686379,-0.538969,-0.562688,-0.469549,-0.408051,-0.457632,-0.223826,0.119883,-0.183182,-0.054146,-0.161334,-0.611311,-0.073221,-0.055127,0.080726,0.177946,-0.372963,-0.356091,-0.420541,1.066137,-0.559530,-0.620282,0.234553,-0.149283,-0.879463,-0.240666,0.047413,0.508219,-0.510105,-0.616961,-0.461271,-0.558182,0.229089,-0.250639,0.231757,-0.164509,-0.369097,-0.827314,0.295051,-0.449779,0.462916,-0.005206,0.519658,-0.084289,-0.499963,0.217967,0.425900,0.016906,0.362796,0.145565,-0.257508,0.115933,0.122424,0.047981,0.024520,0.212694,0.013196,0.277213,0.073953,-0.127746,-0.115353,0.106764,-0.138275,0.163208,0.079572,-0.038107,0.023629,-0.034485,-0.216799,0.045390,-0.273505,0.143114,0.195268,0.012129,-0.045035,0.348670,0.062052,0.083663,-0.474199,0.461241,-0.435297,0.457768,0.411596,-0.244721,0.200070,-0.370640,0.397418,0.235993,0.695850,-0.636353,0.481386,-0.109371,0.945322,0.770552,-0.127968,-0.176815,-0.100885,-0.232330,-0.281853,-0.618239,-0.548567,0.153556,-0.209614,0.067656,-0.223755,-0.003036,-0.507066,1.180907,0.704727,0.646249,0.301927,1.281024,0.362857,0.374623,0.895926,0.288126,0.411548,0.079398,0.217925,0.643998,0.712065,0.368649,0.095548,0.955963,1.399760,0.094912,-0.135304,-0.140117,0.078061,0.070636,-0.007048,0.024701,0.108934,0.106057,-0.223108,-0.037678,0.235131,0.194112,0.182007,0.715554,0.323545,0.082799,1.144358,0.877666,1.469477,1.114880,0.039380,-0.338573,0.034476,0.015816,0.116179,0.543284,-0.584994,-0.168839,0.013876,0.556780,0.889520,0.185595,-0.326390,-0.430982,0.239315,0.116076,-0.113473,-0.231611,0.326697,-0.406868,0.474342,-0.114253,-0.155511
-0.144254,-0.220098,-0.271497,-0.101020,-0.421468,0.216208,0.056195,0.460926,0.445207,-0.071779,0.171948,-0.253732,0.009085,-0.195521,0.382468,0.292034,0.153758,0.310056,0.236936,0.078059,-0.015851,0.145753,0.022081,0.212742,0.184327,0.080098,0.374950,0.216465,-0.095227,0.248514,0.135550,0.248617,0.072183,-0.118814,0.127357,-0.125443,0.109941,0.247727,0.211098,0.029103,0.060146,0.201707,0.215322,0.183164,0.061303,0.222085,0.252031,-0.015371,0.217812,0.035793,-0.322756,-0.191578,0.178246,0.138237,0.089891,0.040374,-0.155910,0.160017,0.306398,0.264204,0.503625,-0.051385,0.000000,0.691198,0.697886,1.012668,0.361240,0.264774,0.313474,0.498193,0.891403,0.055330,0.567608,-0.171853,0.299258,-0.280897,0.310777,-0.089691,0.066026,-0.209787,0.345023,0.362590,0.330020,0.116869,-0.110003,0.322426,0.343494,0.148920,0.327477,0.185153,0.229863,0.381980,0.067228,0.050070,0.312817,0.201755,0.275262,0.311358,0.142016,0.274605,-0.080906,0.169870,0.208100,0.005920,-0.010213,-0.110559,0.006060,-0.044912,-0.091368,-0.107967,0.141016,0.012421,0.186402,0.278028,-0.033353,0.480077,0.449658,0.209097,0.142335,0.342592,-0.270290,-0.312478,0.351999,0.141928,0.070681,0.184868,0.389315,0.496177,0.064373,0.232337,0.395937,-0.030117,0.342223,0.099836,0.126306,-0.000925,0.296316,0.172009,0.146519,-0.100638,0.074342,0.016879,-0.306235,-0.228929,-0.153314,-0.206966,-0.225467,-0.259231,-0.027217,-0.237733,0.000819,-0.146030,0.376343,-0.009389,-0.076629,-0.151606,-0.211813,-0.278347,0.064196,0.012403,-0.048471,0.002768,-0.154643,0.039840,0.145643,-0.078559,-0.191913,-0.238363,-0.107221,-0.121677,-0.243283,0.188197,-0.167140,0.277039,-0.412469,-0.232516,-0.167007,-0.212800,-0.315146,-0.416017,0.066741,-0.125832,0.193870,0.125106,0.125970,-0.478302,0.247544,-0.082563,-0.240130,-0.437629,-0.176003,-0.078408,-0.329845,-0.283837,-0.030592,0.054719,-0.137128,0.057267,-0.130993,-0.323340,-0.435784,0.001272,-0.147951,-0.211151,-0.488077,-0.419047,-0.083492,-0.393696,-0.372846,-0.055485,0.158832,-0.095029,-0.171807,0.062401,-0.292376,0.130914,0.269761,-0.033645,-0.109020,-0.000928,0.192443,0.009599,0.388425,0.177102,0.206240,-0.241478,0.098958,-0.188531,0.632271,0.447997,0.646401,-0.479702,0.074347,-0.297176,0.054724,0.259633,0.765608,0.121929,0.116956,0.071308,-0.345829,-0.053122,-0.672844,0.024816,-0.090503,0.144091,-0.236820,0.236542,-0.155499,0.449662,-0.403996,-0.209006,-0.177784,0.376331,-0.218616,-0.411163,-0.023691,-0.231092,-0.231208,-0.193220,-0.244647,-0.266166,-0.170912,-0.371314
-0.081636,-0.110246,0.061446,-0.421277,-0.867113,0.220948,0.111325,0.298097,0.911337,0.105619,0.350848,-0.140396,-0.106409,-0.588650,0.857779,0.423551,0.445562,0.442331,0.288733,0.159620,0.135493,0.495506,0.315893,0.478220,0.459277,0.283383,0.755729,0.334927,0.112227,-0.009428,0.206325,0.396368,0.042628,0.046728,0.303533,0.043447,0.538052,0.469700,0.397018,0.322261,0.461534,0.463537,0.772992,0.374362,0.300990,0.343447,0.283728,-0.224037,0.316973,-0.318750,0.046228,-0.434886,0.069351,0.258724,0.272577,-0.039448,-0.295955,0.068740,0.211757,0.243054,0.874803,-0.076921,0.691198,0.000000,1.557601,1.319027,0.663947,0.332580,0.628983,0.802567,0.940161,0.063800,0.732872,-0.477081,0.460116,-0.224523,0.556186,-0.367772,-0.112962,-0.145277,0.539493,0.527435,0.700338,0.020287,0.369583,0.327115,0.421143,0.399071,0.659320,0.559372,0.589081,0.856875,0.242193,0.181747,0.636954,0.282489,0.587137,0.156745,0.332988,0.437825,0.411156,0.216342,0.089667,0.056923,0.487701,-0.179587,0.269748,0.378037,0.104543,0.062833,0.367887,-0.108461,0.556262,0.323393,-0.227129,0.713997,0.518965,-0.123522,0.148009,0.205339,-0.090425,-0.166456,0.547757,0.195371,-0.045114,0.467835,0.386936,0.733303,0.034190,0.494651,0.068430,0.565133,0.638103,0.154028,0.505501,0.110133,0.124407,0.069841,0.295778,-0.110515,-0.067358,-0.416833,-0.222994,-0.539745,-0.308408,-0.384689,-0.683884,-0.282265,-0.276018,-0.515475,-0.173889,-0.156219,0.261787,0.088676,-0.277119,-0.380346,-0.573913,-0.558222,-0.054184,-0.021302,-0.203901,-0.184145,-0.078897,-0.059001,-0.114250,-0.273659,-0.304612,-0.239564,-0.451604,-0.225233,-0.327058,-0.179496,-0.141745,-0.014416,-0.618291,-0.234111,-0.414597,-0.321107,-0.429261,-0.628015,0.620469,0.164099,0.313395,-0.003591,0.254789,-0.422935,-0.108022,-0.132603,-0.121836,-0.539793,-0.242260,0.048452,-0.311625,-0.183735,-0.044828,-0.065570,-0.403311,-0.089760,0.029651,-0.406074,-0.994301,-0.279712,-0.178096,-0.312574,-0.781896,-0.928000,-0.267597,-0.773392,-0.673815,0.018496,0.643088,0.267187,-0.343823,-0.159453,-0.231961,-0.021896,0.627969,-0.028855,-0.238787,-0.121258,0.305325,0.175035,0.125329,0.586376,0.323101,-0.099272,0.029514,-0.580760,0.830303,0.275018,0.545812,-0.301477,-0.192962,-0.199346,0.208397,0.252376,1.133286,0.298831,0.109233,0.075205,-0.466577,-0.216037,-0.499138,0.028635,0.104966,0.032405,-0.062530,0.402658,-0.042152,0.561613,-0.449379,-0.370972,-0.455924,0.526540,-0.326987,-0.715193,-0.402854,-0.612100,-0.385028,-0.403560,-0.344626,-0.728083,-0.518268,-0.661123
-0.196198,-0.235228,-0.048685,-0.433355,-0.794799,0.271521,0.209948,0.107389,1.044110,0.200481,0.281015,-0.252559,-0.254788,-0.508645,0.743771,0.390836,0.469980,0.606868,0.452703,0.315087,0.197723,0.450383,0.434568,0.544124,0.623559,0.345195,0.772907,0.508020,0.111126,0.156392,0.312761,0.593378,0.170192,0.177334,0.404450,0.052337,0.543290,0.619719,0.496864,0.454121,0.521756,0.511133,0.802629,0.454007,0.353921,0.371303,0.362380,-0.244537,0.383102,-0.382515,-0.049996,-0.412629,0.190398,0.357159,0.322835,-0.014850,-0.175514,0.043703,0.150679,0.152347,0.768021,-0.156886,0.697886,1.557601,0.000000,1.269713,0.872827,0.427658,0.822154,1.014843,1.083686,0.141482,0.894781,-0.436588,0.463444,-0.217928,0.413097,-0.444827,-0.174522,-0.228340,0.532635,0.558343,0.738157,-0.104300,0.227077,0.370062,0.509370,0.489936,0.683301,0.594712,0.493924,0.902195,0.280779,0.205041,0.683199,0.278732,0.686364,0.188098,0.371070,0.362521,0.396651,0.241940,0.091524,0.148513,0.507702,-0.270468,0.341685,0.393803,0.111208,0.052394,0.352690,-0.088137,0.646966,0.413063,-0.284922,0.817960,0.558510,-0.200806,0.107966,0.385394,0.002096,-0.174906,0.402601,0.244586,0.107359,0.395236,0.401218,0.651510,0.147562,0.225993,0.135279,0.510713,0.705360,0.125026,0.426136,0.114834,0.080210,0.087432,0.241724,0.044479,-0.047502,-0.428075,-0.184564,-0.399265,-0.266925,-0.282359,-0.541867,-0.245410,-0.334336,-0.458314,-0.098160,-0.125519,0.353758,0.214566,-0.256450,-0.210963,-0.528541,-0.505748,-0.009740,-0.006717,-0.161759,-0.231795,-0.072500,0.122644,-0.088131,-0.170987,-0.283932,-0.258073,-0.411851,-0.134249,-0.510422,-0.059491,-0.285988,0.077977,-0.704442,-0.181825,-0.618185,-0.522646,-0.432320,-0.647235,0.435114,0.038044,0.125618,-0.122962,0.198476,-0.483526,0.020888,-0.362073,-0.255680,-0.505667,-0.205848,-0.005739,-0.342373,-0.232067,-0.090190,-0.071635,-0.497735,-0.209916,0.070505,-0.418302,-0.895185,-0.302584,-0.256324,-0.502634,-0.769525,-1.030168,-0.342500,-1.037825,-0.861415,-0.123277,0.499389,0.276175,-0.283112,-0.144320,-0.243713,-0.005872,0.504949,0.010653,-0.219669,-0.246716,0.303688,0.226850,0.212586,0.526695,0.403446,-0.127503,0.120837,-0.564598,0.884239,0.482134,0.692969,-0.201596,-0.090358,-0.189778,0.016022,0.377070,1.421138,0.260809,-0.019919,0.074767,-0.521116,-0.236806,-0.385358,0.050988,0.127396,-0.042041,-0.197978,0.504629,-0.070703,0.514579,-0.632905,-0.373873,-0.466726,0.688265,-0.191229,-0.705044,-0.164998,-0.523287,-0.230343,-0.487618,-0.255396,-0.627712,-0.444097,-0.559300
-0.024878,-0.108298,-0.058076,-0.395230,-0.798060,0.053086,0.012581,0.455030,0.657958,0.030145,0.119598,-0.000373,0.043298,-0.290000,0.908360,0.266947,0.266789,0.396197,0.230004,-0.011585,-0.030030,0.314626,0.174133,0.320510,0.232908,0.092518,0.483015,0.314738,0.108726,0.000323,0.076396,0.489164,-0.061704,-0.044396,0.227042,-0.173209,0.252607,0.297833,0.306779,0.212236,0.331214,0.299010,0.498077,0.237926,0.127822,0.156482,0.435282,-0.017153,0.227309,-0.268070,-0.206782,-0.255291,0.142552,0.276492,0.320717,0.174786,-0.024614,0.305190,0.229067,0.416601,0.832337,0.068374,1.012668,1.319027,1.269713,0.000000,0.624948,0.565349,0.455630,0.638855,1.233375,0.195864,0.768230,-0.262745,0.340818,-0.160280,0.261693,-0.134178,0.147123,-0.263195,0.617133,0.573723,0.574955,0.229551,0.097200,0.327617,0.333344,0.205974,0.417829,0.283965,0.295544,0.614800,0.107226,-0.066751,0.442133,0.276186,0.367025,0.319028,0.364028,0.399819,0.116155,0.264438,0.370530,0.257103,0.260853,-0.194385,0.051677,0.157266,0.022256,-0.042230,0.415752,-0.068710,0.310043,0.207351,-0.026876,0.624844,0.472880,0.107431,-0.014391,0.244909,-0.117030,-0.374370,0.514092,0.061849,-0.097435,0.202206,0.381403,0.878214,0.203899,0.403459,0.359031,0.186042,0.420305,0.155299,0.224281,0.143294,0.377329,0.339234,0.373422,-0.175248,0.137089,-0.175524,-0.290174,-0.326734,-0.268842,-0.368895,-0.408443,-0.255175,-0.156881,-0.428746,-0.030212,-0.152946,0.470780,0.062355,-0.183910,-0.242543,-0.367340,-0.475440,0.007879,-0.017431,-0.053506,-0.063639,-0.180242,0.090424,-0.061243,-0.305718,-0.260711,-0.215057,-0.254256,-0.173940,-0.223864,-0.003536,-0.071738,0.149843,-0.686931,-0.449980,-0.265544,-0.336655,-0.627082,-0.549287,0.318839,0.153391,0.301243,0.231481,0.027844,-0.473155,0.139650,-0.094834,-0.187463,-0.809166,-0.424837,-0.210678,-0.597342,-0.542002,-0.135090,-0.149369,-0.298587,-0.154441,-0.194357,-0.525130,-0.950490,-0.383096,-0.031425,-0.235946,-0.558777,-0.835359,-0.093595,-0.687014,-0.650754,0.105558,0.455918,0.197522,-0.300981,0.001510,-0.195448,0.109488,0.562095,-0.036931,0.007747,-0.000794,0.181866,0.099255,0.421274,0.697921,0.456244,-0.113225,0.192076,-0.444924,1.090719,0.413723,0.857204,-0.223023,0.108180,-0.282118,0.142870,0.321241,1.106786,0.453279,0.211789,0.230758,-0.247054,-0.013691,-0.672367,-0.049333,0.147872,0.004685,-0.012510,0.169322,-0.009625,0.726158,-0.462499,-0.155521,-0.401591,0.415114,-0.514483,-0.623496,-0.101917,-0.517353,-0.394471,-0.354589,-0.499062,-0.442943,-0.425641,-0.721057
0.073169,0.079391,-0.028660,-0.562130,-0.678435,0.294760,-0.131619,-0.028527,0.838802,0.080146,0.331873,-0.116033,-0.357627,-0.682395,0.436020,0.428060,0.570050,0.771666,0.612717,0.223933,0.565590,0.526793,0.684837,0.377062,0.677815,0.695954,0.848727,0.770632,-0.072532,0.072136,0.454112,0.543860,0.215371,0.366547,0.621853,0.282831,0.859415,0.800292,0.672875,0.731315,0.485327,0.525715,0.688311,0.582364,0.507583,0.524274,-0.109958,-0.350387,0.268726,-0.547104,0.004696,-0.421786,0.032302,0.266314,0.008503,-0.140507,-0.417526,-0.274261,-0.181822,-0.107444,0.261337,-0.206753,0.361240,0.663947,0.872827,0.624948,0.000000,0.195452,0.674537,0.695306,0.442487,0.019516,0.610830,-0.317312,0.208442,-0.135453,0.022244,-0.142039,0.023274,-0.527125,0.351677,0.536840,0.490642,-0.134186,0.166133,0.496942,0.618970,0.615100,0.569021,0.594845,0.504297,0.744225,0.016727,0.367720,0.425220,0.404452,0.672086,0.335110,0.612132,0.473332,0.418094,0.467008,0.248775,0.277742,0.466181,-0.227302,0.394790,0.427032,0.145642,0.087973,0.607590,-0.055072,0.445271,0.308376,-0.120560,0.580424,0.562887,-0.244930,0.094280,0.452387,0.232595,-0.213250,0.316223,0.122540,-0.002523,0.142161,0.396926,0.438874,0.556793,0.229776,0.404674,0.388251,0.722140,0.232247,0.200351,0.158146,0.243124,0.015822,0.474159,-0.047387,0.042574,-0.646026,-0.482683,-0.631149,-0.766301,-0.515171,-0.787885,-0.701717,-0.554742,-0.977401,-0.501811,-0.574083,0.238705,0.052273,-0.553575,-0.465326,-0.910935,-0.686075,-0.589264,-0.482004,-0.278233,-0.637856,-0.553147,0.026299,-0.567468,-0.483621,-0.783587,-0.192413,-0.638657,-0.575974,-0.294601,-0.351944,-0.163608,0.036287,-0.579176,-0.180420,-0.337018,-0.644406,-0.477454,-0.434343,0.350044,-0.032353,0.087406,-0.029408,0.129840,-0.484233,0.175287,-0.561789,-0.259263,-0.546591,-0.023705,0.020012,-0.458735,-0.268266,0.044213,-0.099653,-0.391887,-0.114050,0.022674,-0.267222,-0.435468,-0.343839,-0.310604,-0.343925,-0.760888,-0.754292,-0.382648,-1.076530,-0.888110,-0.223055,0.219467,0.185787,-0.596479,-0.325758,-0.306050,-0.330602,0.207538,-0.030067,-0.189354,-0.520618,0.403298,0.034493,0.226624,0.325501,0.073587,-0.267903,0.411413,-0.541336,0.436568,0.410068,0.325832,-0.196546,-0.114037,-0.462870,-0.025016,0.443562,0.691901,0.155707,-0.037506,0.014308,-0.303555,-0.040658,-0.286973,-0.175299,-0.009952,-0.095350,-0.537075,0.183461,0.212119,0.465165,-0.821760,-0.486169,-0.569767,0.276209,0.032342,-1.162097,-0.131143,-0.588690,-0.176853,-0.774345,-0.187041,-0.633316,-0.912424,-0.493965
-0.161571,-0.247075,0.081663,-0.058079,-0.283963,-0.288733,-0.171062,0.195710,0.007165,0.157992,-0.403574,0.459665,0.252275,0.220710,0.653988,0.188685,-0.260773,-0.068760,-0.227259,0.030407,-0.144093,-0.300388,-0.024665,0.338702,0.131995,-0.157794,-0.062033,-0.134989,0.398613,0.064158,-0.364554,0.499297,-0.145505,0.013001,0.068112,-0.129285,-0.061000,0.009575,-0.181512,-0.080159,0.197721,-0.251067,0.002975,-0.252063,-0.356222,-0.467624,0.886636,0.492434,0.387723,-0.126505,-0.127977,0.550018,0.499116,0.551161,0.589399,0.842628,0.503651,0.755293,0.141117,0.681897,0.225370,0.678405,0.264774,0.332580,0.427658,0.565349,0.195452,0.000000,0.433344,-0.020442,0.389506,0.675433,0.239539,0.215784,-0.092370,0.189176,-0.270464,0.191313,0.203867,-0.270861,-0.005890,0.128839,0.141358,0.462728,0.213833,-0.266359,-0.195866,-0.255635,-0.156971,-0.282993,-0.204135,-0.008165,-0.239469,-0.454457,-0.139420,-0.177062,-0.054503,-0.076475,0.008467,-0.029519,-0.179413,-0.068665,0.355379,0.226265,0.111671,-0.385104,-0.337862,-0.063413,0.089194,0.015413,0.320749,-0.240340,-0.107090,-0.197820,0.314133,0.146341,-0.140609,0.173466,-0.101012,-0.182726,-0.209194,-0.162196,0.179747,-0.268938,-0.346387,-0.234873,0.050277,0.446811,-0.006661,-0.031337,0.116830,-0.101278,-0.196694,0.021272,-0.374187,0.159279,0.191058,0.627228,0.014045,-0.252555,-0.082293,0.051025,-0.279485,0.180171,-0.049025,-0.228508,0.007166,0.001028,-0.047004,-0.108807,0.097711,-0.020841,0.426762,0.210615,-0.019388,0.039357,-0.037643,-0.237997,0.070343,0.014493,0.115912,0.040470,-0.107521,0.174035,0.063568,-0.237516,0.012564,-0.158837,-0.003529,-0.036463,-0.143787,0.042904,-0.213587,-0.012398,-0.069860,-0.300926,-0.111123,-0.172437,-0.588497,-0.051936,-0.109811,0.192594,0.191986,0.361827,-0.287143,0.038564,0.244716,0.119330,0.167442,-0.420278,-0.338252,-0.345676,-0.595979,-0.655590,-0.501326,-0.359208,-0.096895,-0.419851,-0.121346,-0.422127,-0.287776,-0.473071,0.437147,0.002570,0.158613,-0.121241,0.368356,-0.142111,0.002152,0.471917,0.366114,0.261620,0.141497,0.244097,0.211545,0.473045,0.537494,-0.015063,0.550983,0.451477,0.004492,-0.124125,0.159947,0.365425,0.143857,0.063744,0.284341,0.030174,0.627889,0.281952,0.534808,0.055170,0.287132,0.019708,0.074131,0.846832,0.580022,1.037624,0.278752,0.906670,0.428030,0.212753,-0.171032,0.000754,0.174276,-0.048531,0.441019,-0.053230,-0.195292,0.338289,-0.136635,0.386092,-0.037293,0.155061,-0.418655,-0.179179,0.275812,-0.126065,-0.147842,-0.275061,-0.305248,0.155389,-0.233985,-0.202480
-0.381540,-0.411600,0.046047,-0.232994,-0.766394,0.450752,0.070678,-0.329871,0.677719,0.626692,0.361150,-0.313196,-0.389178,-0.524358,0.460881,0.794283,0.312827,0.471142,0.433864,0.888873,0.686434,0.266282,0.676902,0.990832,1.061166,0.763732,0.745873,0.463029,0.115571,0.499945,0.304912,0.609194,0.506123,0.399834,0.488012,0.584236,0.801472,0.823648,0.326840,0.490037,0.736960,0.342887,0.542372,0.329995,0.269016,0.265989,0.367962,-0.230406,0.690992,-0.111737,0.118901,-0.089262,0.496060,0.553513,0.422976,0.026646,-0.216855,-0.144968,0.224252,-0.001920,0.275671,-0.079289,0.313474,0.628983,0.822154,0.455630,0.674537,0.433344,0.000000,0.540759,0.371156,0.252979,0.519275,-0.137763,0.328744,-0.097404,0.246037,-0.420005,-0.343707,-0.196388,-0.022761,0.330976,0.247625,-0.394557,0.184716,0.182384,0.497750,0.559546,0.564877,0.568538,0.499630,0.633640,0.257622,0.303617,0.545804,0.071750,0.672504,-0.065080,0.168059,0.095176,0.411489,0.071824,-0.077598,-0.035854,0.624050,-0.639228,0.324670,0.343386,0.292879,0.196401,0.315670,-0.268135,0.475790,0.177015,-0.210136,0.448584,0.339594,-0.442286,0.188788,0.340175,-0.077339,0.029726,0.178738,0.302870,0.064020,0.406661,0.248644,0.326332,-0.012909,-0.011653,-0.111549,0.506503,0.527830,-0.037586,0.212491,0.047904,-0.242143,-0.081463,0.152599,0.254929,-0.386879,-0.466875,-0.275194,-0.285511,-0.255941,-0.131436,-0.461226,-0.210610,-0.453560,-0.317903,-0.300388,-0.147741,0.133253,0.367001,-0.267395,-0.144493,-0.485158,-0.406263,-0.113642,0.003984,-0.194313,-0.398303,0.000595,0.031757,-0.060696,0.002744,-0.302645,-0.359533,-0.467551,-0.136765,-0.695943,-0.148649,-0.675160,-0.142183,-0.389780,0.179214,-0.856951,-0.511093,-0.221141,-0.543516,0.280379,0.055253,-0.047525,-0.309753,0.272431,-0.297763,0.044771,-0.393811,-0.202255,-0.228699,0.081293,0.009726,-0.147294,-0.003337,-0.266798,-0.149836,-0.698641,-0.378244,0.156586,-0.511346,-0.349026,-0.210706,-0.269590,-0.636137,-0.449551,-0.529787,-0.289477,-0.779066,-0.440558,-0.183030,0.311521,0.198921,-0.066393,-0.240272,-0.261049,0.128223,0.209316,-0.173839,-0.176068,-0.167378,0.209473,0.105236,-0.003820,0.024784,0.138812,-0.183996,0.348684,-0.299858,0.341713,0.375356,0.308209,-0.341577,-0.124067,-0.242556,-0.084895,0.751955,0.653208,0.239445,-0.187643,0.246508,-0.221140,-0.212906,-0.038183,0.059981,-0.177934,-0.262115,-0.244982,0.730977,-0.136929,0.041208,-0.591631,-0.345471,-0.221304,0.615732,0.283933,-0.505008,-0.162678,-0.188724,0.113919,-0.603350,0.065983,-0.510240,-0.374338,-0.134174
-0.239618,-0.307360,-0.173547,-0.325721,-0.617461,0.434632,0.468757,-0.156992,1.121679,0.251956,0.352155,-0.512730,-0.530003,-0.562802,0.306655,0.166692,0.961855,1.032925,1.044073,0.366763,0.201754,0.882389,0.640968,0.358410,0.466834,0.354242,0.754298,0.888857,-0.201319,0.213909,0.907964,0.358968,0.202251,0.347112,0.628779,-0.016019,0.473369,0.814706,0.990381,0.907090,0.420040,1.050144,1.136311,1.047693,0.879056,0.982263,0.071245,-0.665659,0.105570,-0.241446,0.007885,-0.635714,-0.098875,-0.034997,0.161182,-0.324877,-0.196790,-0.225749,0.027628,-0.290119,0.492968,-0.602955,0.498193,0.802567,1.014843,0.638855,0.695306,-0.020442,0.540759,0.000000,0.749334,-0.338579,0.803173,-0.516092,0.692642,-0.368573,0.446975,-0.732507,-0.296128,-0.128967,0.489153,0.557760,0.476436,-0.465820,0.001801,0.607440,0.835960,0.836602,0.958260,0.902694,0.515780,1.061335,0.508228,0.345237,0.967030,0.501850,0.978077,0.300007,0.515638,0.469264,0.673416,0.274560,0.012537,-0.005795,0.463523,-0.139157,0.637946,0.386921,0.033837,-0.030789,0.172387,0.090652,0.646583,0.439004,-0.529354,0.775306,0.845298,-0.412774,0.134482,0.715028,0.141446,-0.093474,0.114328,0.498403,0.514363,0.527561,0.509772,0.292662,0.274570,0.074617,0.209596,0.601750,1.001888,-0.086924,0.675260,-0.021897,-0.005864,-0.248753,0.257195,0.337899,-0.128233,-0.403868,-0.155949,-0.516010,-0.324571,-0.125245,-0.471763,-0.335525,-0.231836,-0.350584,-0.178169,-0.173882,-0.052659,0.102125,-0.158713,-0.192183,-0.466237,-0.241455,-0.123338,-0.015464,-0.213029,-0.222282,-0.089077,0.209112,0.013396,0.046229,-0.396842,-0.184306,-0.392754,-0.109927,-0.529769,0.094902,-0.379553,0.207024,-0.611498,0.080458,-0.696044,-0.492473,-0.041033,-0.694945,0.323459,-0.093610,-0.167186,-0.351406,0.496050,-0.510895,0.090913,-0.553824,-0.490227,-0.254500,-0.052103,0.033162,-0.053379,0.039215,0.113939,0.046397,-0.635823,-0.042357,0.063794,-0.261402,-0.552372,0.004268,-0.686456,-0.711216,-0.736809,-0.970270,-0.686625,-1.004198,-0.977851,-0.467444,0.090388,0.008637,-0.298270,-0.364990,-0.471008,-0.297801,0.200391,-0.141035,-0.577562,-0.622232,0.177184,0.442371,0.238735,0.297222,0.433641,-0.132954,0.024245,-0.504153,0.341407,0.514142,0.420441,-0.264393,-0.023136,-0.119895,-0.201400,0.071941,0.633439,-0.200580,-0.300996,-0.342234,-0.838861,-0.258815,-0.119238,-0.001430,0.023949,-0.042740,-0.593887,0.764029,0.047526,0.164386,-0.756074,-0.717103,-0.296621,0.686147,0.074831,-0.562952,-0.130577,-0.290137,-0.058618,-0.461858,-0.017753,-0.653604,-0.134722,-0.363349
-0.048597,-0.106989,-0.271086,-0.231014,-0.641280,-0.036575,0.277026,0.344427,0.611737,0.018736,0.225094,-0.266621,-0.041922,-0.133195,0.684494,0.255993,0.302585,0.306676,0.209543,0.001054,-0.041411,0.289267,0.031557,0.225280,0.245540,0.022491,0.433847,0.287354,0.155262,0.034623,0.144101,0.365125,-0.110520,-0.091715,0.148462,-0.164244,0.175478,0.257037,0.272761,0.180386,0.326844,0.234849,0.499869,0.237026,0.100966,0.230933,0.566878,-0.049337,0.243019,-0.088786,-0.243173,-0.257843,0.226499,0.336192,0.312539,0.238222,0.184161,0.439380,0.256420,0.375007,0.672010,-0.041885,0.891403,0.940161,1.083686,1.233375,0.442487,0.389506,0.371156,0.749334,0.000000,0.176621,0.594923,-0.376138,0.346266,-0.363277,0.405115,-0.229843,0.029561,-0.081430,0.483275,0.473208,0.654403,0.077100,0.013847,0.255536,0.274591,0.178621,0.355133,0.293466,0.137926,0.507035,0.228276,-0.041165,0.472581,0.200799,0.329193,0.241572,0.193755,0.282167,0.115307,0.208008,0.195978,0.099298,0.159709,0.027611,0.110738,0.103990,-0.164027,-0.137887,0.173826,0.118405,0.356857,0.370907,-0.119166,0.510002,0.493532,0.027144,-0.049873,0.316832,-0.065366,-0.258836,0.441024,0.160336,0.104887,0.277194,0.279760,0.620506,0.132482,0.192164,0.350282,0.163502,0.323747,0.023183,0.346602,0.025866,0.227419,0.220321,0.195038,-0.054380,0.221201,-0.026679,-0.088988,-0.301458,-0.038517,-0.157752,-0.294028,-0.137778,-0.125200,-0.264728,0.141661,0.025146,0.309328,-0.063706,-0.156525,-0.167681,-0.297013,-0.249104,0.201552,0.127854,-0.103698,0.005691,-0.000995,0.080586,0.080672,-0.078955,-0.109342,-0.123077,-0.269888,-0.006028,-0.245875,0.252848,-0.175525,0.166850,-0.676763,-0.309915,-0.289917,-0.220288,-0.434132,-0.623927,0.219273,-0.084464,0.073963,0.092911,0.017678,-0.506387,0.093612,-0.108747,-0.194757,-0.476780,-0.361180,-0.124864,-0.318746,-0.370926,-0.035196,-0.033933,-0.338294,-0.018843,-0.158931,-0.413474,-0.799660,-0.165750,-0.102191,-0.268586,-0.564039,-0.769344,-0.119020,-0.608306,-0.632979,-0.072505,0.309853,0.181621,-0.178701,-0.004021,-0.191763,0.160943,0.552798,-0.080053,-0.065497,-0.017574,0.058881,0.257117,0.256095,0.530378,0.614595,-0.105378,0.020238,-0.621612,0.933310,0.495524,1.003907,-0.014882,0.138274,-0.031113,0.023085,0.152703,1.009101,0.315918,0.064839,0.078009,-0.344590,-0.151982,-0.558867,0.250165,0.244036,0.221620,-0.193951,0.282041,-0.045623,0.451888,-0.401899,-0.250561,-0.351918,0.453894,-0.368443,-0.444878,-0.146076,-0.318149,-0.404073,-0.223830,-0.361968,-0.370309,-0.202487,-0.631630
0.164558,0.237977,0.272388,-0.105219,-0.101550,-0.401996,-0.302164,0.065198,-0.342833,0.249426,0.018693,0.370258,0.425375,0.253744,0.467433,0.424022,-0.696419,-0.420544,-0.566895,-0.038306,-0.013924,-0.527558,-0.228394,0.143921,0.168722,-0.081846,-0.246242,-0.411077,0.590969,-0.022905,-0.842089,0.574108,-0.111504,-0.100055,-0.164739,0.168115,-0.038834,-0.062507,-0.740514,-0.499898,0.163562,-0.668047,-0.246974,-0.643380,-0.658171,-0.802647,0.632747,0.900313,0.741203,0.089164,0.209913,0.536768,0.969901,1.012984,0.633986,0.956419,0.250005,0.558173,0.141136,0.927840,-0.154367,0.818322,0.055330,0.063800,0.141482,0.195864,0.019516,0.675433,0.252979,-0.338579,0.176621,0.000000,-0.255608,0.284194,-0.468181,0.416408,-0.265937,0.341616,0.026375,0.129649,-0.429833,-0.354613,0.157367,0.301640,0.138149,-0.767094,-0.556996,-0.541101,-0.418655,-0.406177,-0.338669,-0.339482,-0.180128,-0.233979,-0.336452,-0.676557,-0.284414,-0.535171,-0.312291,-0.671163,-0.330754,-0.104637,-0.096520,-0.027935,0.167463,-0.341524,-0.236754,0.196579,0.278613,0.434003,0.338441,-0.369439,0.084716,-0.104879,0.648204,-0.354534,-0.614062,0.034131,-0.141261,-0.576760,-0.043152,0.210794,0.315696,-0.331647,-0.541169,-0.335540,-0.697864,0.210570,-0.291474,-0.064839,-0.169055,-0.176174,-0.514188,0.291984,-0.386383,0.388467,-0.296265,0.387771,-0.220933,-0.145736,0.271365,0.215239,0.085229,0.383973,0.197946,-0.148166,0.064939,0.235006,-0.250164,0.090417,0.249764,0.083410,0.514278,0.418886,-0.217980,0.042926,0.005702,-0.264960,0.308103,0.111189,-0.031885,-0.177496,0.049663,-0.185098,-0.130973,-0.184319,0.166324,0.240171,-0.105267,0.049161,0.053128,-0.061767,-0.049030,-0.562957,0.112678,-0.384627,-0.009571,0.119611,-0.348061,0.176433,-0.257230,0.343724,-0.048250,0.133623,-0.856177,0.132839,-0.094147,0.349930,0.595466,-0.108310,-0.182096,-0.015106,-0.177711,-0.313834,-0.768800,-0.439257,0.056011,-0.516368,0.160166,-0.265865,-0.128781,-0.531213,0.882991,0.255844,0.269585,0.148925,0.740973,0.049030,0.238843,0.460080,0.543264,0.677224,0.149540,0.141975,0.735795,0.908225,0.341646,0.185951,0.659573,0.737270,0.173092,-0.105172,-0.270790,0.024548,0.179113,-0.031543,0.187198,-0.119390,0.447055,0.065106,0.147392,0.321472,0.210419,-0.062798,0.300944,0.442724,0.383305,0.706455,0.369780,0.969480,0.499032,-0.274313,-0.289336,0.027570,-0.085729,-0.044867,0.336605,-0.258367,-0.206772,0.103035,0.283215,0.684071,-0.120981,-0.119756,-0.113004,0.132777,0.162385,-0.191540,-0.001958,0.170516,-0.297072,0.180948,-0.209053,-0.072435
-0.301259,-0.421254,-0.267952,-0.351946,-0.539799,0.499907,0.375095,-0.021883,1.182767,0.091182,0.072773,-0.273172,-0.493121,-0.332573,0.275635,-0.030234,0.528606,0.833701,0.636736,0.332514,0.090836,0.436879,0.469351,0.418300,0.332441,0.284723,0.710119,0.579123,-0.196422,0.197308,0.574502,0.205146,0.307455,0.052841,0.337910,-0.149838,0.332166,0.421663,0.752258,0.575483,0.217823,0.649331,0.612605,0.580223,0.469656,0.556041,0.032360,-0.577165,-0.085534,-0.368521,-0.430621,-0.490605,-0.165923,-0.082983,0.085755,-0.336442,-0.088783,-0.184180,0.179874,-0.223287,0.865680,-0.488796,0.567608,0.732872,0.894781,0.768230,0.610830,0.239539,0.519275,0.803173,0.594923,-0.255608,0.000000,-0.357880,0.678664,-0.337525,0.374978,-0.418980,-0.118565,-0.337864,0.777966,0.638424,0.433137,-0.130126,0.031814,0.836165,0.887277,0.751010,0.728819,0.647819,0.557342,0.930556,0.273469,0.245441,0.749462,0.660174,0.710881,0.606041,0.524665,0.699090,0.358692,0.139000,0.252798,0.339009,0.240800,-0.102493,0.356098,0.116062,-0.046240,-0.226459,0.176843,0.218979,0.325687,0.442428,-0.467614,1.286868,0.784003,-0.041601,-0.012760,0.739653,0.082315,-0.230756,-0.040133,0.458937,0.406171,0.499257,0.739582,0.400804,0.316927,0.054814,0.170213,0.357491,0.961733,-0.045617,0.366778,-0.156729,0.288765,-0.001811,0.310102,0.088296,-0.143732,-0.470233,-0.290974,-0.374108,-0.328961,-0.112118,-0.348257,-0.281744,-0.153866,-0.342047,-0.147655,-0.107462,0.164431,0.025674,-0.040658,-0.048047,-0.342050,-0.264706,-0.206170,-0.013133,0.103723,-0.130968,-0.106790,0.311359,-0.058013,-0.105778,-0.294805,-0.434919,-0.184830,-0.110806,-0.496857,-0.021715,-0.195403,0.394069,-0.722538,-0.056009,-0.482099,-0.525384,-0.322385,-0.540668,0.520910,-0.199037,0.086007,-0.143039,0.472311,-0.574065,0.125781,-0.579830,-0.505289,-0.398618,-0.196873,-0.100054,-0.265342,-0.204234,0.186687,0.228602,-0.308048,-0.001232,-0.200380,-0.228182,-0.465982,-0.003388,-0.551684,-0.566110,-0.658735,-0.714452,-0.585448,-0.735163,-0.746811,-0.280577,0.027904,-0.130284,-0.174382,-0.013440,-0.541416,-0.345131,0.136904,0.024085,-0.264176,-0.525288,0.113043,0.256578,0.595078,0.511541,0.208806,0.091741,0.121329,-0.245637,0.501677,0.323095,0.629270,-0.369271,-0.036345,-0.083571,-0.319819,0.144306,0.605066,-0.076441,-0.218489,-0.290738,-0.663846,0.050304,-0.107785,-0.087853,0.278123,-0.145468,-0.194396,0.473756,0.022196,0.378498,-0.702072,-0.498930,-0.155308,0.702273,-0.223585,-0.648448,-0.040227,-0.244715,-0.100376,-0.574351,-0.057549,-0.448084,-0.172897,-0.305786
-0.081907,-0.214228,0.093812,-0.000853,0.302209,-0.241788,-0.105526,-0.091654,-0.514811,0.013093,-0.468244,0.369625,0.296202,0.622681,-0.052503,-0.128182,-0.603844,-0.256835,-0.294540,-0.083489,-0.171199,-0.390510,-0.278375,-0.199435,-0.376005,-0.236796,-0.502325,-0.291544,0.077185,-0.016059,-0.421258,0.106475,-0.064727,-0.100961,-0.334019,-0.101155,-0.461069,-0.397114,-0.380349,-0.321833,-0.237913,-0.479693,-0.762895,-0.509121,-0.452386,-0.444972,0.150542,0.526926,-0.020706,0.160090,-0.037885,0.698039,0.313536,0.003065,0.326275,0.417529,0.292833,0.246555,-0.291420,0.119522,-0.465411,0.498432,-0.171853,-0.477081,-0.436588,-0.262745,-0.317312,0.215784,-0.137763,-0.516092,-0.376138,0.284194,-0.357880,0.000000,-0.046377,0.110726,-0.569010,0.482199,0.373256,0.221944,-0.292281,-0.067925,-0.356541,-0.025385,-0.045520,-0.256852,-0.165388,-0.194911,-0.275510,-0.353024,-0.237319,-0.261838,-0.039690,-0.342458,-0.243238,-0.247946,-0.215494,-0.242344,-0.123798,-0.228899,-0.198465,-0.143266,0.295032,-0.177949,0.029174,-0.490106,-0.296477,-0.047276,-0.056126,-0.051379,0.079627,-0.309211,-0.327571,-0.669937,0.648075,-0.366667,-0.215041,-0.049633,0.022580,-0.059640,-0.111797,-0.113486,-0.094983,0.028934,0.043677,-0.168659,-0.223696,-0.142592,0.118960,-0.167895,-0.154105,-0.183301,-0.317080,-0.058167,-0.536855,0.237135,-0.051902,0.035363,0.159755,0.182071,0.022196,0.696520,0.234022,0.811599,0.307832,0.314630,0.658363,0.379233,0.185573,0.447128,0.247160,0.204912,0.286277,0.385325,0.231650,0.307047,0.491904,0.245876,0.116549,0.334412,0.257430,0.113839,0.153240,0.355595,0.316994,0.161585,0.241952,0.098391,0.439320,0.326904,0.024606,0.333627,-0.169248,-0.297427,0.499638,-0.002828,0.088242,-0.013388,0.162941,0.047165,-0.932472,0.121754,-0.171276,0.330176,-0.386316,0.444877,0.054081,0.373647,0.063760,-0.154673,0.000707,-0.517187,-0.151999,-0.115258,-0.495455,-0.443543,-0.127906,-0.300206,-0.108344,-0.302563,0.176848,-0.335457,0.409731,0.144977,0.992076,0.203736,0.419290,0.163063,0.140699,0.416178,-0.201252,-0.035458,0.072578,-0.214636,0.141064,0.318706,-0.394290,-0.094039,0.531233,0.415671,-0.187553,0.009344,0.104361,-0.137845,0.013137,-0.152234,0.137284,0.592650,-0.164721,-0.168340,-0.029179,0.079676,0.493021,0.058437,0.137504,0.111117,-0.360257,0.288944,0.283052,0.524149,0.720441,0.171184,0.068599,-0.000854,-0.178490,-0.400419,0.351983,-0.213602,-0.291137,-0.083012,0.225906,0.713506,0.716493,-0.167064,-0.027727,0.537513,0.556291,0.321588,0.287146,0.358442,-0.237385,0.766980,0.242824,0.295409
-0.484328,-0.593181,-0.367419,-0.231431,-0.387367,0.393880,0.857799,-0.093095,0.768096,0.059572,0.108201,-0.525372,-0.381713,-0.181525,0.062583,-0.078434,0.415878,0.473429,0.448898,0.167831,0.049785,0.489451,0.121111,0.153067,0.104105,0.182796,0.544958,0.315264,-0.217746,0.044159,0.451862,0.053254,0.081056,-0.123268,-0.014631,-0.092842,0.223821,0.225541,0.542647,0.363371,0.162249,0.505294,0.402878,0.450988,0.412859,0.640376,-0.022769,-0.530204,-0.178101,-0.114328,-0.228667,-0.367140,-0.143476,-0.282288,0.195521,-0.299643,-0.074885,-0.173065,-0.037358,-0.349649,0.508994,-0.392708,0.299258,0.460116,0.463444,0.340818,0.208442,-0.092370,0.328744,0.692642,0.346266,-0.468181,0.678664,-0.046377,0.000000,-0.785061,0.432043,-0.399740,-0.145352,0.118048,0.617875,0.623226,0.339503,-0.527590,0.107103,0.617235,0.770394,0.856673,0.953988,0.813971,0.561309,0.980706,0.767887,0.194749,1.152194,0.485224,0.769769,0.217941,0.273851,0.477414,0.657833,0.013844,0.093275,-0.166043,0.421659,-0.104647,0.351038,0.206814,-0.372374,-0.472683,-0.025233,0.154955,0.278710,0.131147,-0.310990,0.694696,0.908750,-0.389344,-0.014329,0.674555,-0.041275,-0.149356,0.090634,0.675916,0.779255,0.872994,0.522879,0.268008,0.226542,0.163251,-0.136195,0.627555,0.832792,-0.159724,0.746023,-0.048807,-0.001910,-0.399998,0.441218,0.447544,-0.165166,-0.033260,0.139992,-0.162272,0.040408,0.244551,-0.123743,0.045135,0.113878,-0.013405,0.075966,0.214594,-0.029057,0.132565,0.165382,0.003784,-0.075822,0.144446,-0.016567,0.406478,0.082631,0.125514,0.304857,0.354374,0.432620,0.278769,-0.061318,-0.331881,-0.044995,0.260257,-0.472531,0.417816,-0.344422,0.077083,-0.251765,0.056863,-0.564840,-0.392863,0.113575,-1.039315,0.288548,-0.291396,-0.001136,-0.090510,0.580546,-0.205026,-0.178757,-0.296662,-0.499743,-0.301177,-0.217481,-0.205036,0.004685,0.190565,0.027768,0.083361,-0.745249,-0.034433,-0.148407,-0.433945,-0.477034,-0.088022,-0.573665,-0.570030,-0.211046,-0.770121,-0.490558,-0.608594,-0.798396,-0.134626,-0.164594,-0.145260,-0.178541,-0.306861,-0.559256,-0.245021,-0.099416,-0.132478,-0.290393,-0.337949,-0.080139,0.413816,0.253131,0.298528,0.379368,-0.096986,-0.226522,-0.183490,0.124526,0.094774,0.404267,-0.383191,-0.004747,0.290795,-0.040700,-0.256537,0.168181,-0.122716,-0.062238,-0.332710,-0.477415,-0.065843,0.084081,0.308323,0.158464,-0.188693,-0.205691,0.610010,-0.127157,-0.033970,-0.426500,-0.558365,0.249891,0.892776,-0.084118,-0.199382,-0.121239,-0.006866,-0.185224,-0.114717,-0.197498,-0.268260,0.119217,-0.252684
0.333679,0.256778,0.854508,-0.003933,0.203933,0.005211,-0.690622,-0.033503,-0.459466,0.191814,-0.212971,0.602366,0.217396,-0.019474,0.114222,0.117566,-0.340001,-0.207139,-0.168107,-0.026369,0.035349,-0.355463,0.126585,0.135118,0.076974,-0.090963,-0.362439,-0.169151,0.304563,0.092341,-0.357266,0.296264,-0.117680,0.373063,0.265944,0.182295,-0.152747,-0.004808,-0.383429,-0.179322,0.128456,-0.247725,-0.116722,-0.232033,-0.165212,-0.469089,0.111763,0.478786,0.329672,-0.100140,0.313822,0.265093,0.202484,0.266880,0.037336,0.149345,-0.010734,-0.031347,-0.135988,0.293358,-0.499853,0.247300,-0.280897,-0.224523,-0.217928,-0.160280,-0.135453,0.189176,-0.097404,-0.368573,-0.363277,0.416408,-0.337525,0.110726,-0.785061,0.000000,-0.469451,0.127868,0.005545,-0.171446,-0.557400,-0.345614,-0.187840,0.331453,0.040045,-0.412501,-0.412601,-0.429994,-0.314605,-0.429398,-0.242721,-0.446621,-0.463486,-0.213747,-0.561654,-0.220961,-0.274332,-0.254166,0.083293,-0.462476,-0.226227,0.023979,-0.118788,0.111681,0.054282,-0.352380,-0.083061,0.171435,1.174568,0.984606,0.280161,-0.578876,0.041015,-0.296109,0.181589,-0.259647,-0.603463,0.116523,0.233339,-0.545185,0.060723,0.251941,-0.064238,-0.594319,-0.623657,-0.646966,-0.467687,0.033176,-0.136479,0.007165,0.020341,-0.166088,-0.338316,0.309573,-0.452344,0.301890,-0.159140,0.108134,-0.243631,-0.145527,0.025931,-0.114434,-0.242456,0.180721,-0.228164,-0.378030,0.048146,-0.056245,-0.134117,0.056663,-0.216965,-0.389788,0.188716,0.439189,-0.102251,-0.036651,0.043912,-0.365276,-0.078509,-0.411444,-0.275577,-0.169182,-0.348304,-0.019927,-0.378213,-0.367594,-0.126212,0.397248,-0.001473,-0.296999,0.237263,-0.419880,0.241840,-0.174843,0.306625,-0.208357,0.183895,0.015440,-0.029608,0.841172,-0.181257,0.819003,0.052412,-0.089168,-0.456062,0.302255,0.140140,0.061726,0.305905,0.095617,-0.045265,0.093277,-0.101279,-0.139780,-0.359334,-0.173550,0.445213,-0.469639,0.219531,0.206812,0.159210,-0.296593,0.345990,0.243671,0.214723,0.452575,0.342266,0.238426,0.502779,0.187601,0.279939,0.301027,0.032021,0.188745,0.634875,0.142312,0.026055,0.040185,0.099706,0.220140,0.279384,-0.431864,-0.138357,-0.239236,-0.250155,-0.023757,0.392330,0.399210,-0.012137,0.119097,-0.347281,0.185713,0.041980,-0.505987,0.134601,0.251170,-0.018575,0.074919,0.123242,0.293738,0.301001,-0.054971,0.107830,-0.672775,-0.427508,-0.336337,0.276914,-0.336929,0.095787,0.175764,0.188316,0.605062,-0.370163,-0.409018,0.111830,0.127884,0.387237,-0.195381,0.176520,0.015008,-0.030072,0.125236,-0.118643,0.224758
-0.365814,-0.232258,-0.156288,-0.193979,-0.243665,0.518543,0.545288,-0.029152,0.581293,0.194212,0.653338,-0.618188,-0.395974,-0.315439,0.051663,0.190499,0.311773,0.252893,0.217875,0.243623,0.068374,0.335821,0.114552,0.314624,0.230510,0.176004,0.413488,0.125166,-0.022009,0.128625,0.323824,-0.190083,0.221649,0.015280,-0.009495,0.082894,0.250569,0.096538,0.261212,0.111656,0.191996,0.333911,0.399238,0.262087,0.203388,0.353370,0.049484,-0.508538,0.044518,0.175823,0.002666,-0.526752,-0.070357,-0.007123,-0.006576,-0.361363,-0.292320,-0.181561,0.577992,-0.059423,0.605068,-0.488629,0.310777,0.556186,0.413097,0.261693,0.022244,-0.270464,0.246037,0.446975,0.405115,-0.265937,0.374978,-0.569010,0.432043,-0.469451,0.000000,-0.762202,-0.717820,0.278418,0.212692,0.048024,0.301214,-0.380535,0.108742,0.291838,0.472243,0.456085,0.465414,0.661636,0.645540,0.537932,0.450481,0.420716,0.654922,0.106695,0.453802,0.067247,-0.026997,0.137180,0.332275,-0.234220,-0.459111,-0.170697,0.155948,0.108131,0.529174,0.190138,-0.054100,-0.006993,-0.176928,0.163811,0.560317,0.623500,-0.557499,0.490658,0.289877,-0.275963,0.059029,0.245508,-0.093414,0.124834,-0.007463,0.595943,0.261413,0.939727,0.296472,0.024318,-0.418067,-0.013917,-0.238716,0.379310,0.475355,-0.291169,0.678284,-0.536318,-0.333684,-0.184802,-0.142144,0.183372,-0.385278,-0.292703,0.169464,-0.372078,0.159167,0.171954,-0.250146,0.086452,-0.098296,0.021319,0.062354,0.256300,-0.272102,-0.073454,0.056601,0.043286,-0.166514,0.026845,0.233242,0.383018,-0.002233,0.076404,0.443494,-0.269901,0.095123,0.337247,0.143221,-0.454649,-0.157567,0.173430,-0.469279,-0.129559,-0.313946,0.011007,-0.566699,0.279801,-0.455399,0.050672,0.025476,-0.408270,0.656030,-0.100320,-0.005139,-0.537429,0.620215,-0.556858,-0.416500,-0.155150,-0.179907,0.110918,0.012903,0.278289,0.388549,0.315959,0.231088,0.329462,-0.241075,0.196910,0.045441,0.000918,-0.286747,0.437059,-0.399460,-0.446281,-0.593224,-0.368710,-0.537299,-0.220687,-0.172336,-0.496618,0.273088,0.040766,0.142211,-0.057066,-0.227114,0.017941,0.306866,-0.043674,-0.520802,-0.175702,-0.079648,0.318826,-0.258801,0.004963,0.156621,0.113454,-0.265820,-0.522249,0.242362,0.053280,0.165750,-0.320907,-0.482582,0.055972,-0.245119,-0.231782,0.301909,-0.353830,-0.487267,-0.495519,-0.867750,-0.484447,-0.211100,0.332620,0.039336,0.154562,-0.133925,0.564038,-0.108511,0.011875,-0.118347,-0.639068,-0.188231,0.394553,0.005977,-0.191999,-0.647003,-0.061640,-0.141292,-0.067925,0.238155,-0.669228,0.051410,-0.126627
0.606814,0.455749,0.029970,0.273970,0.164252,-0.620658,-0.493057,0.428151,-0.579444,-0.605071,-0.310320,0.631384,0.670402,0.398842,0.050079,-0.040009,-0.520093,-0.565604,-0.709246,-0.626750,-0.194447,-0.516328,-0.572377,-0.518366,-0.388097,-0.294955,-0.415718,-0.429444,-0.005237,-0.310405,-0.681645,-0.049210,-0.466710,-0.417583,-0.362092,-0.152706,-0.342652,-0.444783,-0.582620,-0.608926,-0.451400,-0.793628,-0.658281,-0.742251,-0.709893,-0.570367,-0.132653,0.814284,-0.055767,-0.021710,-0.189559,0.604998,0.118582,0.061105,-0.081678,0.557293,0.199876,0.322788,-0.288315,0.403172,-0.388430,0.754104,-0.089691,-0.367772,-0.444827,-0.134178,-0.142039,0.191313,-0.420005,-0.732507,-0.229843,0.341616,-0.418980,0.482199,-0.399740,0.127868,-0.762202,0.000000,0.973500,-0.135134,-0.135652,-0.055443,-0.030219,0.575097,0.148733,-0.294415,-0.605814,-0.648909,-0.554356,-0.691804,-0.514127,-0.631739,-0.549452,-0.430427,-0.744820,-0.151281,-0.693781,-0.059598,-0.192979,-0.094776,-0.524219,0.204444,0.506400,0.079486,-0.284204,0.186025,-0.862670,-0.288608,-0.264313,-0.198284,0.108186,0.034089,-0.647853,-0.441938,0.946987,-0.501928,-0.254668,0.485907,-0.073065,-0.421958,-0.021926,-0.179610,0.226429,-0.614610,-0.523087,-0.698893,-0.277130,0.121067,0.227132,0.246561,0.161483,-0.427747,-0.672012,0.445483,-0.541269,0.362181,0.458114,0.269564,0.185874,-0.503790,0.585518,0.488798,-0.104576,0.219380,-0.019871,-0.281416,0.136130,-0.054054,0.075801,-0.159070,-0.022582,-0.164221,0.441641,-0.249079,-0.243320,-0.278928,0.076286,-0.077962,-0.090904,-0.231422,-0.039436,-0.055579,-0.340630,-0.020121,-0.126412,-0.480184,-0.041295,0.465634,0.055785,-0.253361,0.790767,0.133202,0.509949,-0.181266,0.537977,-0.474178,0.884638,0.223387,-0.104384,0.212135,-0.376433,-0.052390,0.346997,1.001074,-0.611977,0.494318,0.091777,0.535652,0.518278,-0.105959,-0.084039,-0.117409,-0.398361,-0.326281,-0.119397,-0.118881,0.427434,0.136490,-0.111265,0.051186,0.229059,-0.302940,0.621891,0.802630,0.448628,0.367815,0.910363,0.430902,0.284720,0.848822,-0.083779,-0.059806,-0.276255,0.091311,0.213123,0.140856,-0.190129,0.113730,0.757171,0.489277,0.036930,-0.365974,0.079084,0.028587,-0.246374,-0.204724,0.126454,0.316696,-0.094030,-0.446075,-0.118964,0.276819,0.263443,0.051125,0.520222,0.054101,-0.286327,0.500435,0.856267,0.528434,0.920461,0.423791,-0.163631,-0.099960,0.013025,0.028801,0.250393,-0.697556,0.082751,-0.001266,0.318310,0.655800,0.204215,-0.459024,-0.285063,0.187222,0.245814,0.004258,-0.158009,0.291655,-0.530725,0.625504,-0.129425,-0.024270
0.639322,0.361460,-0.030646,0.139488,-0.057892,-0.607098,-0.439082,0.397705,-0.254860,-0.508644,-0.439591,0.520601,0.566674,0.243919,0.259855,-0.236704,-0.137636,-0.215127,-0.276791,-0.525076,-0.245086,-0.096726,-0.335283,-0.486887,-0.449618,-0.249683,-0.184749,-0.051388,-0.142606,-0.393498,-0.302971,0.022756,-0.435794,-0.353112,-0.162028,-0.336730,-0.285035,-0.221848,-0.142906,-0.163189,-0.295469,-0.265563,-0.356755,-0.290240,-0.319738,-0.196325,-0.004054,0.351893,-0.300944,-0.154723,-0.372473,0.219282,-0.153077,-0.219591,-0.081745,0.324210,0.270532,0.335252,-0.355879,0.160319,-0.051806,0.424641,0.066026,-0.112962,-0.174522,0.147123,0.023274,0.203867,-0.343707,-0.296128,0.029561,0.026375,-0.118565,0.373256,-0.145352,0.005545,-0.717820,0.973500,0.000000,-0.270200,0.269527,0.421667,-0.063240,0.509859,0.020539,0.115373,-0.239779,-0.297209,-0.185514,-0.390464,-0.298870,-0.241349,-0.321640,-0.566527,-0.362716,0.297518,-0.394789,0.385692,0.222555,0.373937,-0.207080,0.536667,1.048464,0.361781,-0.203051,0.246896,-0.716748,-0.313391,-0.311257,-0.349669,0.229464,0.149888,-0.630802,-0.499691,0.581563,-0.225293,0.186228,0.462903,-0.125833,-0.074854,0.088029,-0.422210,0.336741,-0.366777,-0.290943,-0.462378,0.060902,0.342364,0.674762,0.528803,0.530113,-0.301888,-0.277698,0.296947,-0.286042,0.408286,1.004918,0.390925,0.635074,-0.553919,0.581855,0.279875,-0.252929,0.001276,-0.158560,-0.288142,0.020517,-0.150979,0.005269,-0.323762,-0.140209,-0.210784,0.362552,-0.368043,-0.268685,-0.346833,-0.031430,-0.182741,-0.155619,-0.313223,-0.102962,-0.050223,-0.394254,0.112630,-0.096049,-0.506901,-0.172272,0.383184,0.005116,-0.262697,0.583923,0.192603,0.432931,0.209764,0.228356,-0.513438,0.716526,0.078674,-0.303945,-0.050426,-0.326754,-0.064387,0.349707,1.492281,-0.335530,0.268667,0.452432,0.339594,0.087176,-0.454091,-0.309977,-0.488653,-0.660397,-0.582532,0.003456,-0.153589,0.147798,0.091406,-0.491262,-0.194100,-0.093796,-0.383656,0.208681,0.620206,0.173054,-0.008028,0.490636,0.093270,-0.085357,0.639121,-0.158690,-0.168620,-0.413146,-0.009705,-0.159657,-0.080449,-0.161727,-0.137818,0.512016,0.179556,-0.094151,-0.183576,0.552707,0.399007,-0.006256,-0.124755,0.194796,0.254441,0.042119,-0.228376,0.115573,0.141157,0.421492,-0.034697,0.483885,0.086001,-0.162783,0.554314,0.781519,0.389003,0.699727,0.792164,-0.203303,-0.137390,0.217009,-0.034285,0.202182,-0.516345,0.339550,0.304307,0.065314,0.383264,0.174104,-0.313512,-0.470091,-0.031163,0.167382,-0.063386,-0.283387,-0.002120,-0.641943,0.351261,-0.173589,-0.296784
-0.136456,0.044407,-0.169918,0.118313,0.134858,-0.206973,0.466003,-0.141179,-0.336052,0.044869,0.157605,-0.229223,0.400050,0.318621,-0.074006,-0.133897,-0.314770,-0.384690,-0.315619,-0.178834,-0.412789,-0.141096,-0.350111,-0.302926,-0.360387,-0.452271,-0.424729,-0.447054,-0.019870,-0.314888,-0.306956,-0.116933,-0.224236,-0.318486,-0.532901,-0.215597,-0.324310,-0.270774,-0.416332,-0.386387,-0.251134,-0.241243,-0.291508,-0.265286,-0.182359,-0.144876,0.056975,0.113778,0.046976,0.694739,0.274977,-0.062555,0.167382,-0.155380,0.321421,0.176983,0.018268,0.079093,0.103180,0.031507,-0.083081,0.207649,-0.209787,-0.145277,-0.228340,-0.263195,-0.527125,-0.270861,-0.196388,-0.128967,-0.081430,0.129649,-0.337864,0.221944,0.118048,-0.171446,0.278418,-0.135134,-0.270200,0.000000,-0.247817,-0.601300,-0.099959,-0.211364,-0.170538,-0.485395,-0.206004,-0.118994,-0.043141,0.035347,-0.094124,-0.110002,0.699880,0.299293,0.211066,-0.508055,-0.030264,-0.611723,-0.547167,-0.446978,0.064919,-0.580827,-0.648823,-0.708993,0.084853,0.004430,0.264306,0.252260,-0.165066,0.087419,-0.237630,-0.016181,0.126017,0.160876,0.269648,-0.305181,-0.327634,-0.216260,-0.151162,-0.240618,-0.038625,0.554888,0.216554,0.464174,0.345195,0.382697,-0.623185,-0.316151,-0.601102,-0.061747,-0.658268,0.071159,-0.193579,-0.020842,0.397462,0.237969,-0.718362,-0.184086,-0.300206,0.094832,0.046877,0.357696,0.665588,0.349232,0.571926,0.367701,0.211739,0.465299,0.075712,0.513203,0.580041,0.451966,-0.373334,0.105915,0.108584,0.217072,0.232453,0.260316,0.442347,0.659624,-0.010978,0.067358,0.663553,-0.315474,0.283779,0.426556,0.422512,0.100609,0.014341,0.459528,-0.054334,0.253160,-0.193691,-0.520425,0.266290,0.104740,0.071022,0.714778,0.297020,0.002799,-0.164626,0.176230,-0.399807,-0.161016,-0.089732,0.150621,-0.741804,0.542226,0.264765,0.432684,0.072342,0.275202,0.956211,0.619424,-0.234656,-0.166111,-0.149188,0.048699,0.240051,0.036494,0.098098,0.095421,0.300202,0.267019,0.410292,0.172113,0.259367,0.234983,0.115315,-0.064825,-0.081978,0.339514,0.262957,-0.019637,0.433705,0.390495,0.026535,0.156955,0.112989,0.468893,-0.012120,0.656817,-0.291134,-0.184568,0.397332,0.242662,-0.604682,-0.227342,-0.270209,-0.339139,-0.213999,0.192582,-0.080807,0.590827,0.280549,-0.523893,-0.156692,-0.033341,0.115933,0.099805,-0.002409,-0.739560,-0.090714,0.404511,0.127321,0.122518,0.086029,-0.005803,-0.204769,-0.448803,0.880434,0.206006,0.410429,-0.032191,-0.078987,0.576867,-0.238254,0.110207,0.037261,0.834502,0.102750,0.168805,0.526104,0.027741
-0.035229,-0.094462,-0.335924,-0.301864,-0.269603,0.004220,0.297102,0.268327,0.681369,-0.284673,-0.095843,-0.147738,-0.189120,-0.158534,0.204874,-0.411718,0.464169,0.440901,0.317856,-0.099324,-0.194529,0.499416,0.074427,-0.038975,-0.145515,0.039691,0.454652,0.410812,-0.204767,-0.242937,0.357002,-0.108936,0.055836,-0.234465,-0.022270,-0.454522,0.124266,0.023348,0.618863,0.353422,-0.002746,0.524211,0.305035,0.388905,0.337196,0.416773,-0.086747,-0.468153,-0.581103,-0.507228,-0.455069,-0.563023,-0.590738,-0.371241,-0.082950,-0.364550,0.001614,-0.011051,-0.035701,-0.231240,1.048534,-0.337798,0.345023,0.539493,0.532635,0.617133,0.351677,-0.005890,-0.022761,0.489153,0.483275,-0.429833,0.777966,-0.292281,0.617875,-0.557400,0.212692,-0.135652,0.269527,-0.247817,0.000000,0.748903,0.357754,0.043289,-0.010955,0.747680,0.430279,0.381272,0.400443,0.337955,0.302631,0.610962,0.214047,-0.062823,0.503287,0.623505,0.229866,0.705979,0.400420,0.870442,0.178455,0.272923,0.537284,0.485144,-0.011298,0.318706,-0.003418,-0.115930,-0.490095,-0.640106,0.022238,0.373989,0.020941,0.156105,-0.311262,0.579761,0.696646,0.119154,-0.236423,0.502552,0.116429,-0.577290,0.090591,0.235317,0.302476,0.321380,0.648809,0.357185,0.520563,0.302120,0.251256,0.143947,0.519398,-0.069203,0.313071,-0.134224,0.656605,0.162604,0.534782,-0.059602,0.215758,-0.166855,0.057839,-0.273358,-0.059928,0.044828,-0.147327,-0.052371,0.097306,-0.265999,0.071867,0.177086,0.200098,-0.262536,0.084625,-0.016101,-0.080542,0.018164,-0.038339,0.091981,0.275296,0.169300,0.030075,0.285480,0.068586,-0.075201,-0.026263,-0.273468,0.058981,0.108220,-0.084616,0.105292,0.239666,0.514865,-0.609887,-0.195630,-0.123618,-0.321657,-0.252716,-0.512220,0.375621,-0.322057,0.241967,0.265835,0.249685,-0.323281,0.102851,-0.227213,-0.479585,-0.543650,-0.285560,-0.318761,-0.397155,-0.324306,0.400518,0.140864,-0.209422,0.213880,-0.385877,-0.165499,-0.612405,-0.087977,-0.396739,-0.208344,-0.442678,-0.788063,-0.424021,-0.412396,-0.773737,-0.018860,-0.006775,-0.230400,-0.300706,-0.041047,-0.625036,-0.409797,0.035974,0.025695,-0.114491,-0.421156,-0.148771,0.256365,0.728504,1.016899,0.396935,0.162855,-0.072875,-0.196200,0.373266,0.071132,0.519478,-0.048587,0.099151,0.089965,-0.097471,-0.234836,0.237032,0.017425,0.020431,-0.327061,-0.363442,0.350012,-0.221577,0.034187,0.553055,0.021723,0.043330,0.060271,0.149158,0.468137,-0.382288,-0.346289,-0.032109,0.376505,-0.487034,-0.385326,-0.147495,-0.208915,-0.288918,-0.239782,-0.273251,-0.240734,-0.138498,-0.496090
0.090926,-0.203222,0.017451,-0.330325,-0.549526,0.227343,0.069699,0.072089,0.798346,0.015797,-0.004628,-0.031204,-0.390535,-0.368841,0.369864,0.046686,0.561983,0.630128,0.481332,0.149258,0.277722,0.562617,0.241447,0.213880,0.194752,0.427915,0.764724,0.654385,-0.189419,0.054755,0.439231,0.220376,0.059938,0.045240,0.351617,0.045357,0.353507,0.330745,0.673752,0.558597,0.293850,0.453527,0.441280,0.380155,0.283183,0.467471,0.080273,-0.341739,-0.220174,-0.619181,-0.449549,-0.242758,-0.229204,-0.097873,-0.002397,-0.206515,0.004630,-0.057101,-0.200798,-0.147998,0.414913,-0.323575,0.362590,0.527435,0.558343,0.573723,0.536840,0.128839,0.330976,0.557760,0.473208,-0.354613,0.638424,-0.067925,0.623226,-0.345614,0.048024,-0.055443,0.421667,-0.601300,0.748903,0.000000,0.396775,-0.205866,0.243633,1.028322,0.664832,0.615305,0.666851,0.490221,0.474019,0.743891,0.079580,-0.239235,0.474842,1.083987,0.478111,0.713311,0.828186,0.899062,0.468615,0.784293,0.858471,0.410990,0.345542,-0.036595,-0.037156,0.052473,-0.128264,-0.332895,0.300239,0.080672,0.112355,-0.190069,-0.257181,0.615042,1.278884,-0.159472,0.155414,0.637269,0.151571,-0.614970,0.120024,0.115798,0.119893,0.220649,0.816000,0.709611,0.919449,0.427734,0.505122,0.430418,0.657374,-0.023756,0.217161,-0.044990,0.648919,-0.057565,1.118039,0.151479,0.106141,-0.159821,-0.266258,-0.434273,-0.331475,-0.150930,-0.293134,-0.243313,-0.126349,-0.472231,-0.408120,-0.170120,0.400604,-0.045272,-0.199088,-0.342604,-0.322410,-0.231420,-0.220215,-0.136907,-0.103741,-0.094444,-0.246870,0.478306,0.058382,-0.240877,-0.371709,-0.069327,-0.161107,-0.159113,-0.133066,0.165691,-0.030479,0.354292,-0.419276,-0.195127,-0.319779,-0.751280,-0.237942,-0.869642,0.204848,-0.212486,0.303793,0.288816,0.287278,-0.211110,0.414686,-0.389908,-0.495910,-0.813451,-0.369785,-0.544151,-0.782565,-0.439341,0.115201,0.085659,-0.487750,-0.102422,-0.470204,-0.523734,-0.697537,-0.342109,-0.628064,-0.398202,-0.523867,-0.970600,-0.388243,-0.794894,-0.858382,0.100664,0.052255,-0.274568,-0.584400,-0.420667,-0.882988,-0.418106,-0.087983,-0.433065,-0.186222,-0.499840,-0.112426,-0.039277,0.513664,0.559402,0.127723,-0.375451,0.283473,-0.004165,0.433682,0.221388,0.557841,-0.283707,0.201900,-0.248307,-0.000911,0.164445,0.266105,0.156111,0.059945,-0.153520,-0.143105,0.506511,-0.075228,-0.054607,0.088419,-0.277123,-0.113244,0.327419,0.243214,0.496622,-0.929769,-0.383361,-0.114363,0.520641,-0.156656,-0.524975,-0.020362,-0.221243,-0.275564,-0.612615,-0.530414,-0.343465,-0.340646,-0.427450
0.213777,0.063478,0.047793,-0.311395,-0.341482,0.171689,0.265941,0.290155,0.622667,-0.094958,0.274301,-0.001000,-0.218685,-0.352028,0.381003,0.302165,0.308341,0.198296,0.032570,-0.107449,0.187443,0.239468,-0.055846,0.195325,0.373479,0.261991,0.470313,0.156164,0.153628,-0.058158,0.073592,0.270682,-0.214209,-0.087265,0.127341,0.143829,0.327521,0.255539,0.182331,0.094779,0.289210,0.070231,0.492229,0.112021,0.053983,0.183341,0.088221,-0.003531,0.236439,-0.594521,-0.157364,-0.143462,0.119648,0.388510,0.032296,0.065871,-0.148496,-0.001411,-0.233639,0.248050,0.295175,-0.118190,0.330020,0.700338,0.738157,0.574955,0.490642,0.141358,0.247625,0.476436,0.654403,0.157367,0.433137,-0.356541,0.339503,-0.187840,0.301214,-0.030219,-0.063240,-0.099959,0.357754,0.396775,0.000000,-0.042615,0.652532,0.259765,0.218988,0.235958,0.343701,0.362369,0.219117,0.433140,0.017377,0.069692,0.302782,0.270991,0.342249,0.008134,0.210230,0.194301,0.274740,0.287297,0.083545,-0.055309,0.375836,0.008960,0.162843,0.398181,-0.010104,0.002377,0.199144,-0.018144,0.454235,0.220086,-0.116494,0.549498,0.369299,-0.160547,0.304839,0.165817,0.021502,-0.115937,0.271854,-0.028346,-0.039496,0.208241,0.184577,0.474649,0.120578,0.209976,0.053485,0.657135,0.331058,0.268848,0.394978,0.126130,0.066381,-0.235231,0.215256,0.032904,0.365589,-0.031332,0.043267,-0.342325,-0.125351,-0.242345,-0.441439,-0.136033,-0.118181,-0.383336,-0.063178,-0.085089,0.487503,0.009316,-0.321109,-0.419868,-0.458735,-0.296911,-0.020739,-0.064539,-0.282189,-0.139766,-0.122392,0.171501,-0.070595,-0.322848,-0.188072,0.149034,-0.389543,-0.165314,0.047407,0.086736,0.154359,-0.206665,-0.249651,-0.283145,-0.207752,-0.418677,-0.148483,-0.462655,0.433726,-0.142080,0.317317,0.005688,-0.091173,-0.066103,-0.320818,-0.178010,0.085494,-0.224490,-0.198923,0.214249,-0.200243,-0.016612,0.030554,0.145153,-0.188175,0.032556,0.221178,-0.050558,-0.611066,-0.354000,-0.082029,-0.190052,-0.527302,-0.595564,-0.142977,-0.547644,-0.595871,0.139278,0.317351,0.136093,-0.629181,-0.230911,-0.076177,-0.172899,0.195448,-0.001740,-0.181020,-0.179840,0.190511,-0.022029,-0.121035,0.351653,0.113492,-0.439045,-0.107894,-0.438311,0.631351,0.100605,0.513222,0.162654,-0.218953,-0.014028,0.164793,-0.108049,0.607725,0.126555,0.118132,-0.118527,-0.399934,-0.242238,-0.175089,0.229071,0.193742,0.094038,-0.196148,0.204906,-0.134476,0.303193,-0.318330,-0.235884,-0.429703,0.543191,-0.105063,-0.368462,-0.209945,-0.424954,-0.371484,-0.071979,-0.578778,-0.283018,-0.327896,-0.334563
0.306376,0.319062,0.025788,0.187468,0.142915,-0.624720,-0.528058,0.872632,-0.426014,-0.585894,-0.513232,0.560353,0.742059,0.296193,0.209241,-0.124644,-0.361769,-0.595656,-0.647766,-0.609425,-0.383522,-0.453151,-0.417921,-0.242463,-0.297599,-0.510777,-0.408866,-0.568130,0.344084,-0.287239,-0.607353,-0.175035,-0.440757,-0.345912,-0.282835,-0.323496,-0.349780,-0.435615,-0.433528,-0.477224,-0.190490,-0.375835,-0.247387,-0.344177,-0.341093,-0.504469,0.143179,0.515829,-0.024287,-0.059109,-0.078944,0.280578,-0.054654,0.119311,-0.151395,0.395835,0.244639,0.581191,0.045475,0.558058,0.064510,0.604241,0.116869,0.020287,-0.104300,0.229551,-0.134186,0.462728,-0.394557,-0.465820,0.077100,0.301640,-0.130126,-0.025385,-0.527590,0.331453,-0.380535,0.575097,0.509859,-0.211364,0.043289,-0.205866,-0.042615,0.000000,0.057363,-0.365967,-0.666805,-0.841292,-0.627442,-0.847078,-0.545789,-0.525215,-0.698129,-0.334696,-0.702263,-0.217228,-0.676968,0.041782,-0.205419,-0.004464,-0.673793,-0.081729,0.259963,0.227733,-0.523844,0.223598,-0.590942,-0.444322,-0.049811,-0.065357,0.053337,0.051048,-0.530064,-0.103719,0.337904,-0.184362,-0.418661,1.192867,-0.142980,-0.514667,-0.335966,-0.178042,0.274281,-0.733563,-0.619030,-0.616016,-0.115535,0.178020,-0.071215,0.265714,0.229892,-0.521221,-0.531372,0.297782,-0.449798,0.225952,0.598788,0.602682,-0.185888,-0.955163,0.245608,0.139650,-0.272749,0.092961,-0.093288,-0.320431,0.045788,-0.120116,0.292208,-0.101503,0.147071,-0.131460,0.198196,-0.356719,0.100590,-0.087667,0.127310,-0.105672,-0.079508,-0.331917,0.141874,0.293204,-0.291237,-0.136965,-0.177075,-0.449827,0.051094,0.070601,0.194937,-0.229186,0.574778,-0.156068,0.626622,0.157993,0.140555,-0.477342,0.872071,0.285505,-0.438445,0.528448,0.038222,0.162482,0.491205,0.659236,-0.439839,0.163998,0.089820,0.393417,0.300563,-0.157067,-0.164096,0.004631,-0.353753,-0.425597,0.079491,-0.090113,0.736344,0.193798,-0.113775,0.178955,0.043174,-0.130428,0.755023,0.681021,0.188723,0.403636,0.507351,0.459481,0.384841,0.493642,0.119412,0.075241,0.076747,0.724239,0.358931,0.107671,0.393326,0.303982,0.429430,0.452920,0.130728,-0.453546,0.159002,0.277740,-0.181477,0.211012,-0.009195,0.078126,0.191141,-0.039282,0.142733,0.237263,0.060808,0.035024,0.299387,0.091891,0.090569,0.485273,0.529755,0.388840,0.416727,0.360006,-0.205374,-0.109792,0.291252,0.449294,0.386171,-0.781868,0.016780,0.411520,0.332410,0.432581,-0.199109,-0.541670,-0.615988,-0.060544,0.081254,-0.087140,-0.350112,0.121151,-0.216789,0.325309,-0.208000,-0.148977
0.216988,0.041252,0.481360,-0.170557,-0.059458,0.079926,-0.039117,0.142715,0.222362,-0.054603,0.024037,0.354595,-0.112057,-0.232785,0.301728,0.356763,0.048635,-0.081791,-0.233697,-0.054789,0.245744,0.060228,-0.090529,0.275461,0.361723,0.251209,0.260462,-0.139005,0.372355,-0.098291,-0.134867,0.114712,-0.236150,0.077863,0.091475,0.358124,0.266243,0.123205,-0.050701,-0.031579,0.304589,-0.114166,0.227820,-0.099899,-0.127459,-0.026107,0.082781,0.139137,0.287828,-0.520131,0.222962,0.283950,0.117263,0.355264,0.035506,0.126422,-0.140587,0.044113,-0.322688,0.262775,0.028165,0.149888,-0.110003,0.369583,0.227077,0.097200,0.166133,0.213833,0.184716,0.001801,0.013847,0.138149,0.031814,-0.045520,0.107103,0.040045,0.108742,0.148733,0.020539,-0.170538,-0.010955,0.243633,0.652532,0.057363,0.000000,-0.007584,-0.026417,0.070739,0.152635,0.122006,0.254933,0.170029,-0.288723,-0.159635,-0.044224,0.165006,0.167324,-0.165324,0.165038,0.189404,0.345963,0.142203,0.109481,-0.122272,0.430301,-0.086624,-0.036717,0.347592,0.157223,0.113900,0.297179,-0.211973,0.169520,-0.204530,0.023848,0.242964,0.103484,-0.211477,0.421331,-0.199574,-0.099908,0.010589,0.113709,-0.222859,-0.370495,0.084552,0.156793,0.285033,0.000550,0.288385,-0.202269,0.750794,0.084340,0.106795,0.063707,0.045808,0.007316,-0.218332,0.149100,-0.125509,-0.066429,-0.100339,-0.099794,-0.248803,-0.155858,-0.280592,-0.375490,-0.077597,-0.142838,-0.327129,-0.348219,-0.130943,0.282654,0.066435,-0.257497,-0.474211,-0.354047,-0.301304,-0.208785,-0.188269,-0.330755,-0.121955,-0.111739,0.019727,-0.124489,-0.397074,-0.148179,0.177326,-0.291654,-0.259904,0.123246,-0.187844,0.103642,-0.393412,0.207702,-0.099746,-0.045809,-0.297328,-0.054627,-0.189179,0.335065,0.006613,0.485041,0.165938,0.039536,0.314536,-0.262719,0.052769,0.342283,-0.134653,-0.127515,0.097181,-0.258475,0.005497,-0.110013,0.005318,-0.086813,-0.090109,0.188493,-0.051692,-0.350041,-0.353625,0.063459,0.011150,-0.140478,-0.168535,0.032382,-0.147093,-0.047185,0.554185,0.427811,0.128964,-0.370541,-0.312060,-0.000021,-0.162920,0.167583,-0.157908,-0.067731,0.011367,0.053053,-0.310450,-0.405639,0.176114,-0.309341,-0.321792,0.014317,-0.019898,0.287673,-0.093814,0.100867,0.068746,-0.290488,0.034523,0.303298,0.114324,0.186130,0.259787,0.200075,0.080537,0.045463,0.039977,0.158090,0.160894,-0.022413,-0.009433,0.179965,0.092959,-0.190189,0.178114,-0.154471,-0.036743,-0.159128,0.139213,-0.047462,-0.239719,-0.254255,-0.189370,-0.328682,-0.182151,-0.449625,-0.100251,-0.438974,-0.028984
-0.033733,-0.239293,-0.210888,-0.303896,-0.296300,0.643091,0.243742,-0.105136,0.943538,-0.031114,0.126335,-0.313585,-0.708869,-0.436959,-0.050281,-0.149020,0.700858,0.843123,0.791730,0.238970,0.297930,0.628089,0.397764,0.152845,0.184382,0.471891,0.725447,0.806269,-0.429776,0.196644,0.813859,-0.067493,0.331317,0.115996,0.305107,0.007984,0.312486,0.326687,0.951652,0.686271,0.156637,0.715613,0.428794,0.645816,0.537010,0.793219,-0.305161,-0.872598,-0.451914,-0.476504,-0.549608,-0.623246,-0.533835,-0.400824,-0.328387,-0.726711,-0.245221,-0.524436,-0.067660,-0.617841,0.437537,-0.939498,0.322426,0.327115,0.370062,0.327617,0.496942,-0.266359,0.182384,0.607440,0.255536,-0.767094,0.836165,-0.256852,0.617235,-0.412501,0.291838,-0.294415,0.115373,-0.485395,0.747680,1.028322,0.259765,-0.365967,-0.007584,0.000000,1.193632,1.015725,0.785341,0.748871,0.677587,0.799385,0.174461,0.158976,0.592186,1.405688,0.601200,1.146091,0.868139,0.982712,0.480639,0.541156,0.442904,0.466776,0.148381,0.109213,0.295057,0.028869,-0.115463,-0.327704,0.120116,0.363371,0.204332,0.208673,-0.572453,0.878766,1.322349,-0.102439,0.097249,1.090447,0.244022,-0.405665,-0.168676,0.416480,0.400334,0.402174,1.072235,0.241529,0.733177,0.138149,0.466551,0.380342,1.027031,-0.122395,0.390165,-0.307920,0.515955,-0.199367,0.679505,0.205796,-0.050853,-0.372117,-0.236215,-0.509165,-0.333342,0.014084,-0.266593,-0.276686,-0.126706,-0.385309,-0.377214,-0.162646,0.057390,-0.170589,-0.078189,-0.132470,-0.290922,-0.111516,-0.309512,-0.160197,-0.006116,-0.109527,-0.175945,0.343635,-0.089603,-0.061270,-0.332841,-0.268807,-0.104711,-0.135460,-0.273324,-0.005916,-0.041406,0.593014,-0.601294,0.072936,-0.303711,-0.598802,-0.115041,-0.562232,0.365104,-0.374462,0.113900,-0.066665,0.630529,-0.515963,0.290469,-0.753052,-0.827741,-0.374979,-0.110717,-0.241767,-0.291737,-0.132797,0.512715,0.439452,-0.276493,0.164914,-0.405074,-0.112374,-0.265466,0.135226,-1.118880,-0.547523,-0.735860,-0.693924,-0.873799,-0.625759,-0.756686,-0.391979,-0.210452,-0.438668,-0.394054,-0.271430,-1.025439,-0.715853,-0.332616,-0.212744,-0.471495,-1.054702,-0.099338,0.055594,0.519018,0.273909,-0.036690,-0.141330,0.205484,-0.060382,0.175421,0.176629,0.335369,-0.387367,-0.033365,-0.292184,-0.376669,-0.076283,0.076911,-0.373421,-0.338113,-0.694533,-0.614363,0.322512,0.047503,-0.071505,0.119123,-0.248264,-0.364149,0.426469,0.311350,0.332085,-0.847657,-0.748180,-0.155941,0.429523,0.024752,-0.544567,-0.091344,-0.089052,-0.053940,-0.551371,-0.064222,-0.478068,-0.173378,-0.206194
-0.291848,-0.397814,-0.168127,-0.495757,-0.445332,0.877293,0.387995,-0.363069,1.137756,0.294493,0.337683,-0.489356,-0.854417,-0.488105,0.071119,0.084224,0.718512,1.194719,1.160576,0.418361,0.394079,0.786785,0.687608,0.375896,0.379313,0.591904,0.801125,0.934142,-0.338881,0.250092,0.971998,0.189089,0.391976,0.345379,0.480450,0.133502,0.478058,0.578008,1.079704,0.913254,0.351847,0.911654,0.608969,0.864865,0.726153,0.989901,-0.178395,-0.966220,-0.103841,-0.205793,-0.186957,-0.607925,-0.186376,-0.215664,-0.027349,-0.629357,-0.349350,-0.549293,0.022260,-0.590072,0.369394,-0.867231,0.343494,0.421143,0.509370,0.333344,0.618970,-0.195866,0.497750,0.835960,0.274591,-0.556996,0.887277,-0.165388,0.770394,-0.412601,0.472243,-0.605814,-0.239779,-0.206004,0.430279,0.664832,0.218988,-0.666805,-0.026417,1.193632,0.000000,1.860196,1.137927,1.276795,0.958508,1.319290,0.435490,0.435365,1.058354,0.807657,1.251554,0.584246,0.770284,0.674353,0.769164,0.194601,0.148817,0.128253,0.451259,-0.247527,0.764115,0.341086,0.064907,-0.087812,0.245801,0.124566,0.493453,0.326289,-0.489053,0.991844,1.124094,-0.474784,0.118652,1.203072,0.187802,-0.157988,-0.129192,0.794843,0.586034,0.803008,0.772740,0.157644,0.471689,0.006739,0.219675,0.585185,1.516997,-0.274859,0.495318,-0.280854,0.058557,-0.331490,0.509538,0.428374,-0.341616,-0.469166,-0.260438,-0.508551,-0.380841,0.033196,-0.369148,-0.328259,-0.281587,-0.307366,-0.379547,-0.189457,-0.117447,0.095318,-0.088472,-0.092571,-0.417567,-0.192269,-0.381753,-0.014310,-0.076549,-0.277064,-0.073100,0.215438,-0.125261,0.068716,-0.444291,-0.434194,-0.275624,-0.122883,-0.658194,-0.094829,-0.477423,0.234784,-0.672784,0.215737,-0.664976,-0.608206,-0.075119,-0.695546,0.321117,-0.189710,-0.128305,-0.348064,0.780052,-0.695160,0.132013,-0.752892,-0.767088,-0.366788,-0.059179,-0.185534,-0.081817,0.020188,0.181723,0.120124,-0.681860,-0.049910,-0.256223,-0.326478,-0.331686,0.080195,-1.028662,-0.837616,-0.659697,-0.815688,-1.022221,-0.953554,-0.851175,-0.632188,-0.132828,-0.165383,-0.278265,-0.482445,-0.771102,-0.497046,-0.139933,-0.312396,-0.604939,-0.840362,-0.022993,0.307985,0.338863,0.125639,0.100425,-0.114979,0.262882,-0.244796,0.175270,0.350859,0.275428,-0.535927,-0.094278,-0.303333,-0.436389,0.039353,0.243943,-0.383755,-0.511499,-0.536045,-0.718785,-0.043027,0.012656,-0.066689,-0.106933,-0.357009,-0.497121,0.663451,0.101639,0.200117,-0.869254,-0.867415,-0.100838,0.500325,0.151831,-0.623369,-0.151877,-0.137965,-0.006662,-0.635860,0.059536,-0.675268,-0.190145,-0.176205
-0.297961,-0.356837,-0.138922,-0.465986,-0.450127,0.845735,0.464146,-0.513904,1.103151,0.327391,0.398524,-0.551853,-0.857310,-0.530519,0.046196,0.083498,0.708267,1.049869,1.059042,0.459260,0.443949,0.813767,0.706107,0.379318,0.450784,0.651320,0.844565,0.874944,-0.308336,0.196406,0.926727,0.196645,0.396431,0.365224,0.446513,0.208736,0.584531,0.639954,0.990722,0.927100,0.402738,0.890246,0.639900,0.837492,0.741675,1.021780,-0.210183,-1.058247,-0.074453,-0.237855,-0.087480,-0.659294,-0.194805,-0.219144,0.017982,-0.641009,-0.395340,-0.640151,-0.044629,-0.690018,0.327890,-0.842074,0.148920,0.399071,0.489936,0.205974,0.615100,-0.255635,0.559546,0.836602,0.178621,-0.541101,0.751010,-0.194911,0.856673,-0.429994,0.456085,-0.648909,-0.297209,-0.118994,0.381272,0.615305,0.235958,-0.841292,0.070739,1.015725,1.860196,0.000000,1.368349,1.697979,1.083087,1.379525,0.587140,0.509996,1.206943,0.736898,1.370843,0.449152,0.718119,0.597605,1.062842,0.192301,0.032002,0.074241,0.606899,-0.213875,0.874015,0.476729,0.058531,-0.065183,0.261225,0.133511,0.580322,0.338882,-0.484671,0.869413,1.061322,-0.664115,0.069262,0.994747,0.283006,-0.015634,-0.078579,0.864798,0.634784,0.895081,0.634594,0.109821,0.418784,0.040753,0.061685,0.788198,1.570274,-0.213132,0.672596,-0.192068,-0.069736,-0.409163,0.491073,0.449124,-0.361655,-0.566601,-0.147733,-0.513578,-0.317935,0.058459,-0.427970,-0.242863,-0.382242,-0.323737,-0.376549,-0.131128,-0.197566,0.148656,-0.159937,-0.115330,-0.470716,-0.202028,-0.350058,0.021467,-0.162723,-0.356052,0.027287,0.154252,-0.147493,0.101242,-0.397274,-0.374323,-0.371337,-0.085843,-0.707717,-0.118695,-0.526804,0.127491,-0.535818,0.251441,-0.733589,-0.561270,-0.029525,-0.730084,0.369832,-0.183219,-0.163020,-0.399519,0.836994,-0.555988,0.020965,-0.761992,-0.662447,-0.261815,-0.036297,-0.114633,0.020421,0.154256,0.144310,0.119945,-0.782812,-0.102992,-0.158100,-0.305494,-0.314857,0.037560,-1.089962,-0.791005,-0.615774,-0.819735,-0.978849,-0.950161,-0.859715,-0.603041,-0.095175,-0.054140,-0.267857,-0.533139,-0.672598,-0.491889,-0.164257,-0.259347,-0.577617,-0.855040,0.014315,0.376059,0.193861,0.114108,0.114651,-0.077059,0.175374,-0.292703,0.068957,0.245453,0.151167,-0.473681,-0.179933,-0.172880,-0.334305,0.008920,0.197880,-0.358949,-0.475158,-0.524386,-0.692475,-0.115982,0.126190,0.019820,-0.061511,-0.390199,-0.489592,0.719562,0.146037,0.068986,-0.751898,-0.927694,-0.073664,0.547847,0.218199,-0.580429,-0.226394,-0.148484,-0.005631,-0.591235,0.085593,-0.715472,-0.201457,-0.183547
-0.201992,-0.283306,-0.056639,-0.408298,-0.642582,0.729554,0.443054,-0.301573,1.011186,0.219070,0.393394,-0.509399,-0.463504,-0.577957,0.276584,0.157883,0.572725,0.804233,0.808660,0.287870,0.273551,0.681348,0.518108,0.314450,0.438755,0.417974,0.792752,0.673882,-0.282894,0.094958,0.609446,0.372199,0.124247,0.260455,0.409143,0.108910,0.482124,0.698849,0.681985,0.627458,0.375436,0.743040,0.679118,0.664280,0.586430,0.858620,-0.095997,-0.693612,0.073398,-0.172661,-0.040511,-0.715738,-0.102454,-0.217573,0.153308,-0.442790,-0.414087,-0.482339,-0.036045,-0.392646,0.406614,-0.551664,0.327477,0.659320,0.683301,0.417829,0.569021,-0.156971,0.564877,0.958260,0.355133,-0.418655,0.728819,-0.275510,0.953988,-0.314605,0.465414,-0.554356,-0.185514,-0.043141,0.400443,0.666851,0.343701,-0.627442,0.152635,0.785341,1.137927,1.368349,0.000000,1.534897,1.122882,1.402175,0.727645,0.428834,1.325989,0.726525,1.412328,0.357808,0.719426,0.538100,1.186580,0.277880,-0.005349,-0.011365,0.798675,-0.201791,0.766139,0.651157,0.135799,0.057670,0.380144,0.042222,0.722321,0.344683,-0.320084,0.917068,1.111316,-0.587116,0.116314,0.653424,0.268380,0.096905,0.266402,0.690781,0.486181,0.791778,0.468449,0.406256,0.329918,0.366830,0.076724,0.866238,1.443413,0.066626,0.965758,0.092963,-0.061692,-0.336671,0.532660,0.255644,-0.227957,-0.560996,-0.203200,-0.563471,-0.351258,-0.172132,-0.588555,-0.277265,-0.471221,-0.426283,-0.367074,-0.235234,-0.066352,0.259877,-0.313860,-0.297226,-0.574136,-0.433283,-0.238067,-0.004571,-0.427272,-0.410850,-0.006436,0.071740,-0.111904,-0.035845,-0.463342,-0.182990,-0.541995,-0.179939,-0.636098,-0.027601,-0.483414,0.078862,-0.375128,-0.035391,-0.596796,-0.431181,-0.118828,-0.805201,0.394133,0.004431,-0.040050,-0.236829,0.734985,-0.459058,0.010626,-0.537269,-0.467201,-0.330524,-0.248797,-0.043264,-0.031824,0.126108,-0.052199,0.108315,-0.736541,-0.228213,-0.112696,-0.382776,-0.542670,-0.133947,-0.903220,-0.525794,-0.650754,-0.887573,-0.557022,-0.978977,-0.858735,-0.347318,0.078900,0.136395,-0.358296,-0.424593,-0.453678,-0.333970,-0.003822,-0.206233,-0.474834,-0.531902,0.224222,0.380692,0.203934,0.173687,0.240152,-0.137521,0.098463,-0.319720,0.189209,0.268596,0.198003,-0.572730,-0.180919,-0.138809,0.029926,0.033161,0.429973,-0.152837,-0.105427,-0.315266,-0.627327,-0.227884,-0.064320,-0.009438,-0.109792,-0.399008,-0.415921,0.670212,0.218924,0.165319,-0.626257,-0.710642,-0.163370,0.616495,0.012668,-0.610422,-0.235757,-0.362292,-0.244406,-0.484179,-0.158110,-0.782839,-0.246749,-0.435848
-0.214815,-0.196526,-0.091885,-0.490392,-0.589727,0.759657,0.501200,-0.441137,1.057187,0.343963,0.674628,-0.599042,-0.667824,-0.592316,0.169915,0.184109,0.660988,0.887030,0.838501,0.336053,0.363864,0.852203,0.596973,0.356227,0.454187,0.574159,0.831942,0.751663,-0.275415,0.081530,0.737587,0.259567,0.246468,0.308737,0.422577,0.197900,0.631061,0.650292,0.773016,0.718153,0.405321,0.765165,0.722547,0.699950,0.615371,0.897722,-0.158767,-0.894018,0.043894,-0.146718,0.000855,-0.781901,-0.117503,-0.141983,0.100233,-0.513680,-0.473452,-0.554956,0.051954,-0.452194,0.403485,-0.695172,0.185153,0.559372,0.594712,0.283965,0.594845,-0.282993,0.568538,0.902694,0.293466,-0.406177,0.647819,-0.353024,0.813971,-0.429398,0.661636,-0.691804,-0.390464,0.035347,0.337955,0.490221,0.362369,-0.847078,0.122006,0.748871,1.276795,1.697979,1.534897,0.000000,1.217550,1.381090,0.762214,0.566139,1.460977,0.559456,1.355587,0.281479,0.583685,0.437514,1.179473,0.163401,-0.126858,-0.024382,0.722660,-0.142691,1.001736,0.659113,0.081036,0.045372,0.301394,0.101991,0.792905,0.458102,-0.398532,0.754781,0.908528,-0.792279,0.028467,0.668228,0.315923,0.118049,0.100300,0.882348,0.522016,1.045185,0.426451,0.178670,0.225258,0.175768,-0.016283,0.873210,1.310119,-0.103041,0.981843,-0.121430,-0.215515,-0.369408,0.414612,0.349140,-0.280033,-0.621018,-0.074583,-0.629329,-0.267613,-0.045843,-0.584062,-0.207085,-0.530114,-0.377070,-0.335381,-0.118034,-0.220517,0.150630,-0.315972,-0.226679,-0.605013,-0.317331,-0.215849,0.084357,-0.316392,-0.441192,0.093927,-0.050563,-0.204637,0.075776,-0.371569,-0.284185,-0.567532,-0.117700,-0.670084,-0.166936,-0.533948,-0.020691,-0.550464,0.150079,-0.722853,-0.371662,-0.081161,-0.797692,0.495548,-0.062059,-0.128331,-0.423106,0.781096,-0.581545,-0.124740,-0.574457,-0.435803,-0.216584,-0.116529,0.019573,0.118258,0.217102,0.039514,0.103928,-0.798135,-0.131387,-0.077770,-0.309015,-0.446977,-0.003554,-0.917639,-0.638455,-0.738451,-0.872695,-0.748334,-0.915360,-0.795671,-0.569544,0.087169,0.134507,-0.293276,-0.518561,-0.467680,-0.321050,0.018696,-0.229486,-0.552796,-0.611937,0.083441,0.463765,0.035561,0.130944,0.230384,-0.084778,0.075073,-0.518100,0.130561,0.178382,0.104182,-0.472968,-0.310230,-0.143382,-0.153116,-0.052652,0.327657,-0.285360,-0.373670,-0.454897,-0.743653,-0.323522,-0.047260,0.083865,-0.080955,-0.319874,-0.477098,0.682658,0.189426,0.031219,-0.561149,-0.939087,-0.169427,0.558575,0.149736,-0.579927,-0.410543,-0.284083,-0.147998,-0.471558,0.019739,-0.958260,-0.231467,-0.331455
-0.216207,-0.171837,0.155607,-0.514143,-0.494659,0.848105,0.165167,-0.240296,0.818300,0.248160,0.588358,-0.343713,-0.470599,-0.644982,0.217698,0.198585,0.367506,0.679170,0.536901,0.342598,0.336874,0.545207,0.500765,0.451334,0.386944,0.555765,0.805072,0.476330,-0.222905,0.079433,0.434013,0.136000,0.313745,0.291089,0.325034,0.237173,0.604984,0.409992,0.521694,0.445807,0.329589,0.524023,0.438427,0.395923,0.347769,0.539984,-0.174332,-0.647987,0.003522,-0.199807,-0.007725,-0.658499,-0.204594,-0.145816,0.043374,-0.525742,-0.682218,-0.556916,0.174237,-0.259568,0.421198,-0.464775,0.229863,0.589081,0.493924,0.295544,0.504297,-0.204135,0.499630,0.515780,0.137926,-0.338669,0.557342,-0.237319,0.561309,-0.242721,0.645540,-0.514127,-0.298870,-0.094124,0.302631,0.474019,0.219117,-0.545789,0.254933,0.677587,0.958508,1.083087,1.122882,1.217550,0.000000,1.086766,0.458137,0.465992,0.908530,0.516653,0.943732,0.333549,0.566899,0.431175,0.827477,0.163817,-0.073731,0.081947,0.679873,-0.198108,0.701925,0.601995,0.237119,0.178019,0.444959,-0.041987,0.750383,0.326150,-0.304017,0.714022,0.655240,-0.581293,0.085925,0.383314,0.255686,0.088068,0.145473,0.615269,0.170825,0.766668,0.461478,0.309415,0.134341,0.327675,-0.038328,0.672261,1.078316,0.003356,0.587294,-0.202494,-0.129123,-0.161770,0.428910,0.155350,-0.410576,-0.686705,-0.118255,-0.590370,-0.274194,-0.129610,-0.568391,-0.160340,-0.553137,-0.429851,-0.430528,-0.136028,-0.088405,0.228555,-0.311923,-0.222638,-0.533677,-0.443153,-0.203671,0.062903,-0.268646,-0.425594,0.061044,-0.155354,-0.248359,-0.039584,-0.280665,-0.441344,-0.430470,-0.158203,-0.647527,-0.424637,-0.433055,-0.003236,-0.489645,0.057578,-0.540981,-0.316077,-0.209320,-0.562020,0.512865,0.101552,0.085811,-0.299682,0.736165,-0.541284,-0.101488,-0.392510,-0.286171,-0.312872,-0.123667,0.002880,-0.048409,0.088357,0.000280,0.158992,-0.480746,-0.181895,-0.122579,-0.278245,-0.416637,-0.013392,-0.701127,-0.449966,-0.669892,-0.675972,-0.569740,-0.637694,-0.493888,-0.333040,0.344299,0.152224,-0.220610,-0.367490,-0.379535,-0.234637,0.054944,-0.158713,-0.366076,-0.399258,0.178782,0.226088,-0.024230,0.092823,-0.012441,-0.063929,0.182413,-0.247790,0.202042,0.092890,0.023231,-0.693016,-0.364647,-0.323054,-0.044856,0.105980,0.326423,-0.174162,-0.239059,-0.299485,-0.533996,-0.211170,-0.211412,-0.077859,-0.171542,-0.313714,-0.177447,0.418816,0.220249,0.273527,-0.490500,-0.645310,-0.229282,0.373589,0.002119,-0.623094,-0.457324,-0.395072,-0.193191,-0.508305,-0.012810,-0.942980,-0.435537,-0.345278
-0.283702,-0.311179,-0.049910,-0.666390,-0.719281,0.572907,0.421831,-0.208715,1.431932,0.290984,0.387058,-0.401387,-0.580135,-0.588092,0.405813,0.158902,0.667502,1.026129,0.851877,0.304192,0.281085,0.852048,0.573048,0.434227,0.406197,0.499802,1.008764,0.736845,-0.175530,0.011942,0.657661,0.349519,0.200815,0.233193,0.427277,0.077818,0.631846,0.608238,0.910386,0.806233,0.484755,0.869225,0.811122,0.764759,0.656573,0.824115,0.009429,-0.743669,0.009472,-0.307791,-0.020011,-0.667663,-0.125390,-0.074680,0.234532,-0.406076,-0.341585,-0.306235,0.027541,-0.289925,0.610360,-0.515326,0.381980,0.856875,0.902195,0.614800,0.744225,-0.008165,0.633640,1.061335,0.507035,-0.339482,0.930556,-0.261838,0.980706,-0.446621,0.537932,-0.631739,-0.241349,-0.110002,0.610962,0.743891,0.433140,-0.525215,0.170029,0.799385,1.319290,1.379525,1.402175,1.381090,1.086766,0.000000,0.592490,0.377758,1.507534,0.640850,1.482150,0.373422,0.707242,0.649588,0.985734,0.192772,0.123074,0.063977,0.775000,-0.260908,0.740322,0.579970,0.051385,-0.037773,0.426316,0.009573,0.706781,0.310095,-0.363613,1.043524,1.035225,-0.582199,0.042709,0.732657,0.196428,-0.107057,0.192432,0.684851,0.432410,0.891145,0.579491,0.460582,0.386716,0.257254,0.103967,0.812805,1.534897,-0.131242,0.671798,-0.093651,0.000217,-0.225989,0.599579,0.335786,-0.253795,-0.511226,-0.170034,-0.575508,-0.359048,-0.102573,-0.572685,-0.287062,-0.348714,-0.422164,-0.295459,-0.126913,-0.011984,0.203890,-0.185799,-0.213738,-0.549021,-0.332324,-0.292124,0.076524,-0.142480,-0.301358,-0.009228,0.117278,-0.105196,-0.044435,-0.425425,-0.419407,-0.429426,-0.101999,-0.687887,-0.113670,-0.453432,0.044407,-0.733099,-0.023047,-0.758484,-0.566569,-0.228869,-0.950469,0.480724,-0.020225,-0.033862,-0.234033,0.600620,-0.640370,-0.026786,-0.506409,-0.499132,-0.583835,-0.250764,-0.171544,-0.181835,-0.056459,-0.011037,-0.052848,-0.905739,-0.197202,-0.201760,-0.535423,-0.774943,-0.195285,-0.717072,-0.694889,-0.696458,-1.351807,-0.733890,-1.291160,-1.151788,-0.337204,0.195913,0.126688,-0.346234,-0.502099,-0.539316,-0.336580,0.176552,-0.249669,-0.445644,-0.526690,0.109263,0.429055,0.254537,0.417971,0.337110,-0.078510,0.154652,-0.456487,0.427762,0.378080,0.400296,-0.449071,-0.071759,-0.159882,-0.134747,0.063787,0.547975,-0.065790,-0.225309,-0.285413,-0.617760,-0.173042,-0.172268,-0.016616,0.001608,-0.272241,-0.291892,0.573422,0.093361,0.353250,-0.788351,-0.742874,-0.190614,0.637537,-0.101909,-0.782157,-0.308695,-0.437040,-0.265767,-0.622668,-0.180934,-0.861632,-0.390204,-0.525597
-0.398558,-0.243219,-0.334595,-0.163124,-0.333168,0.213683,0.813808,-0.436293,0.317120,0.275458,0.342330,-0.632503,-0.087450,-0.050320,0.056053,-0.165695,0.112783,0.280850,0.314791,0.167964,-0.179402,0.301962,0.105244,-0.040108,-0.047033,-0.068424,0.184136,0.183539,-0.333981,-0.111819,0.206848,0.168906,0.092876,-0.128860,-0.118448,-0.217197,0.073575,0.189326,0.178835,0.166827,-0.015310,0.303639,0.166623,0.215589,0.227278,0.342893,0.038524,-0.428254,-0.081131,0.300937,-0.008216,-0.585836,-0.017297,-0.340533,0.439364,-0.163379,-0.106629,-0.194415,0.177098,-0.302809,0.327350,-0.248910,0.067228,0.242193,0.280779,0.107226,0.016727,-0.239469,0.257622,0.508228,0.228276,-0.180128,0.273469,-0.039690,0.767887,-0.463486,0.450481,-0.549452,-0.321640,0.699880,0.214047,0.079580,0.017377,-0.698129,-0.288723,0.174461,0.435490,0.587140,0.727645,0.762214,0.458137,0.592490,0.000000,0.435979,1.109350,0.076086,0.592412,-0.047196,0.054481,-0.001943,0.638396,-0.118841,-0.369385,-0.241113,0.483964,-0.048375,0.619771,0.477984,-0.179773,-0.053107,0.023075,0.153721,0.514556,0.385519,-0.078606,0.232208,0.355096,-0.563101,-0.293587,0.300614,0.300213,0.376843,0.243201,1.086847,0.818808,0.807599,-0.082728,0.030167,-0.108248,0.069328,-0.299868,0.372883,0.505852,-0.017849,0.982156,0.160367,-0.474777,-0.195567,0.150795,0.365897,-0.100251,-0.116619,0.407459,0.005880,0.264117,0.277006,-0.065645,0.274710,-0.247323,0.147588,0.287419,0.321873,-0.309382,0.290552,-0.052679,0.174801,-0.064341,0.037326,0.308303,0.632623,-0.065355,-0.165551,0.568427,-0.094364,0.232124,0.452319,0.126807,-0.166639,-0.198794,0.394216,-0.629849,0.263852,-0.578379,-0.106986,-0.193357,0.054695,-0.491873,0.149492,0.051532,-0.558715,0.076340,0.036043,-0.467572,-0.330016,0.349760,-0.303083,-0.292774,-0.089358,-0.256972,0.029252,-0.164074,0.005597,0.485284,0.372985,-0.205339,-0.007041,-0.639097,-0.196662,-0.046792,-0.309880,-0.254863,0.020253,-0.374341,-0.244037,-0.093180,-0.452628,-0.188798,-0.381287,-0.473214,-0.365309,-0.027958,0.296337,0.111053,-0.194688,-0.050968,0.147129,-0.000881,0.064287,-0.082148,-0.068100,0.062788,1.002276,0.061882,0.081612,0.667841,0.209481,-0.339310,-0.385096,-0.041150,-0.042570,0.038391,-0.238728,-0.003537,0.355517,0.067789,-0.268888,0.165043,-0.105265,-0.065278,-0.123437,-0.374498,-0.564191,-0.122719,0.281438,0.154016,-0.219791,-0.138811,0.445933,0.114500,-0.241212,0.060608,-0.289270,0.271545,0.516611,-0.081863,0.056067,-0.207593,-0.110890,-0.022205,0.147209,0.066025,-0.328877,0.283896,-0.335133
-0.281317,-0.046439,-0.255754,-0.095443,-0.202893,0.498167,0.251268,-0.227902,0.366694,-0.024329,0.545065,-0.660717,-0.211832,-0.460128,-0.200272,0.212218,0.285766,0.268684,0.365840,0.297689,0.314186,0.197228,0.410450,0.082672,0.396598,0.301228,0.328799,0.168082,-0.317694,0.127927,0.361706,-0.057359,0.370686,0.108593,0.084841,0.234299,0.426766,0.399488,0.253337,0.254700,0.043662,0.390957,0.293705,0.427702,0.523544,0.503958,-0.575872,-0.559011,0.147017,0.139818,0.224635,-0.708960,-0.092085,-0.136791,-0.193268,-0.515138,-0.815226,-0.778404,0.129381,-0.489715,0.009820,-0.405232,0.050070,0.181747,0.205041,-0.066751,0.367720,-0.454457,0.303617,0.345237,-0.041165,-0.233979,0.245441,-0.342458,0.194749,-0.213747,0.420716,-0.430427,-0.566527,0.299293,-0.062823,-0.239235,0.069692,-0.334696,-0.159635,0.158976,0.435365,0.509996,0.428834,0.566139,0.465992,0.377758,0.435979,0.000000,0.461246,-0.027983,0.511447,-0.086237,-0.087113,-0.001469,0.300211,-0.171431,-0.707462,-0.340101,0.222368,-0.108737,0.848269,0.403229,0.103504,0.202999,-0.023796,0.135070,0.522547,0.893383,-0.281667,0.302230,0.133185,-0.161653,0.132460,0.310580,0.081770,0.451553,0.171314,0.546006,0.422698,0.429760,-0.012123,-0.214203,-0.207097,-0.062822,-0.255178,0.319754,0.590818,0.251714,0.536179,0.106839,-0.388033,-0.410328,-0.192471,0.102753,-0.254777,-0.462876,0.009482,-0.278594,-0.216472,-0.019745,-0.395514,-0.283053,-0.249613,-0.183031,-0.068366,-0.189239,-0.387738,0.022457,-0.164728,-0.052932,-0.354375,-0.160889,-0.250709,-0.056043,-0.148991,-0.395132,0.028539,-0.307033,-0.255785,0.105216,-0.241197,-0.317938,-0.350617,-0.155192,-0.401430,-0.277212,-0.265229,-0.121088,-0.193435,0.263364,-0.148700,0.060611,0.086011,-0.067665,0.391392,-0.048503,-0.284483,-0.642990,0.383350,-0.399355,-0.452167,-0.323888,-0.160594,0.339294,0.515350,0.812365,0.643945,0.728598,0.279198,0.230455,-0.092545,0.261941,0.451289,0.262424,0.217665,0.365085,-0.248188,-0.179243,-0.387756,-0.066353,-0.412761,-0.266001,-0.281592,-0.732433,-0.084436,0.166511,-0.032872,-0.025332,-0.007897,-0.268023,-0.050895,0.413435,-0.409386,-0.356093,0.662994,0.342440,-0.180545,-0.356675,-0.130927,0.063158,-0.228011,-0.453416,-0.247219,-0.027056,-0.215131,-0.269892,-0.517839,0.027442,-0.075423,-0.116643,0.194746,-0.450542,-0.231569,-0.331921,-0.675954,-0.726089,-0.054108,0.052552,-0.047961,0.147182,-0.663915,0.305307,0.038319,-0.158218,-0.037857,-0.527761,-0.228794,0.107697,0.251894,-0.290597,-0.358080,-0.210060,0.128118,-0.011471,0.477350,-0.427871,-0.126529,-0.055224
-0.399423,-0.346707,-0.226989,-0.454736,-0.648418,0.514265,0.693263,-0.312365,0.967319,0.338886,0.476199,-0.658508,-0.455315,-0.377986,0.266627,0.059763,0.527083,0.760741,0.719773,0.285253,0.131308,0.742329,0.433169,0.316140,0.263174,0.322128,0.705472,0.581473,-0.240449,0.008484,0.582309,0.262890,0.176777,0.116674,0.237852,-0.017567,0.445615,0.479575,0.673548,0.587669,0.350284,0.734779,0.623391,0.632097,0.560649,0.763503,0.036105,-0.741893,-0.015310,-0.016877,-0.036182,-0.732678,-0.077903,-0.177820,0.319726,-0.367668,-0.260925,-0.280583,0.158273,-0.329610,0.599829,-0.502543,0.312817,0.636954,0.683199,0.442133,0.425220,-0.139420,0.545804,0.967030,0.472581,-0.336452,0.749462,-0.243238,1.152194,-0.561654,0.654922,-0.744820,-0.362716,0.211066,0.503287,0.474842,0.302782,-0.702263,-0.044224,0.592186,1.058354,1.206943,1.325989,1.460977,0.908530,1.507534,1.109350,0.461246,0.000000,0.418058,1.199830,0.209028,0.401220,0.386076,0.901833,0.002424,-0.098879,-0.096210,0.662364,-0.181043,0.835176,0.534741,-0.067826,-0.084495,0.215873,0.086796,0.694940,0.411186,-0.325880,0.739323,0.837011,-0.659259,-0.108801,0.661237,0.191088,0.061725,0.193633,1.013384,0.692037,1.195492,0.350465,0.270433,0.156722,0.174157,-0.084250,0.687192,1.130433,-0.167872,0.966427,-0.067303,-0.215905,-0.258717,0.404628,0.415049,-0.224370,-0.358355,0.073766,-0.397911,-0.081604,0.103945,-0.384879,-0.057108,-0.291918,-0.163599,-0.048762,0.098620,-0.187949,0.214440,-0.097155,-0.053512,-0.352059,-0.145242,-0.032414,0.357463,-0.112107,-0.211468,0.275672,0.036351,0.064042,0.223247,-0.192247,-0.389230,-0.366151,0.123285,-0.750027,0.063637,-0.573497,0.004993,-0.607235,0.061602,-0.777685,-0.293740,-0.086332,-0.952359,0.380409,-0.037195,-0.198489,-0.334291,0.639930,-0.582902,-0.158824,-0.384072,-0.484842,-0.322309,-0.228401,-0.106853,0.115140,0.156188,-0.067070,-0.022796,-0.973357,-0.178942,-0.158671,-0.495018,-0.612782,-0.068914,-0.689437,-0.627178,-0.507065,-1.013932,-0.608251,-0.884844,-0.910461,-0.456644,0.068899,0.165133,-0.147512,-0.384834,-0.421593,-0.151232,0.108317,-0.188271,-0.391686,-0.371934,0.029917,0.697826,0.200021,0.286606,0.548541,0.038311,-0.030734,-0.499506,0.220026,0.249410,0.295385,-0.411335,-0.090681,0.048834,-0.112266,-0.123269,0.403141,-0.146794,-0.248207,-0.310423,-0.643468,-0.345488,-0.149622,0.155062,0.042688,-0.243834,-0.314432,0.629048,0.064269,0.054553,-0.446100,-0.713014,-0.012535,0.690905,-0.054977,-0.428915,-0.338201,-0.257979,-0.198933,-0.306835,-0.046310,-0.728513,-0.071651,-0.449698
0.231925,-0.040004,-0.010795,-0.330695,-0.305833,0.417966,0.154971,-0.120957,0.720894,-0.035531,-0.036092,-0.031930,-0.518291,-0.412682,0.054571,-0.199845,0.592495,0.665216,0.601991,0.060719,0.198157,0.536728,0.251409,0.016237,0.109241,0.321307,0.595104,0.614539,-0.408365,-0.029400,0.580286,0.040037,0.027342,0.027052,0.339288,-0.028642,0.209408,0.387599,0.705268,0.617100,0.117673,0.564912,0.446188,0.530648,0.433494,0.657584,-0.258894,-0.661153,-0.453079,-0.535118,-0.419838,-0.465931,-0.557623,-0.442588,-0.229650,-0.501450,-0.106244,-0.379503,-0.234227,-0.470961,0.302285,-0.686379,0.201755,0.282489,0.278732,0.276186,0.404452,-0.177062,0.071750,0.501850,0.200799,-0.676557,0.660174,-0.247946,0.485224,-0.220961,0.106695,-0.151281,0.297518,-0.508055,0.623505,1.083987,0.270991,-0.217228,0.165006,1.405688,0.807657,0.736898,0.726525,0.559456,0.516653,0.640850,0.076086,-0.027983,0.418058,0.000000,0.578126,1.115077,1.195198,1.064426,0.620019,0.772852,0.562189,0.489505,0.270380,0.210751,0.207452,0.138261,-0.013951,-0.183426,0.297503,0.358569,0.154068,0.043676,-0.387395,0.779167,1.159047,-0.088203,0.121217,0.675937,0.418378,-0.226898,-0.062772,0.209628,0.214938,0.197509,0.756167,0.420292,0.890846,0.336659,0.605751,0.449748,0.812844,0.001433,0.364628,-0.101797,0.599788,-0.186525,0.858103,0.074955,0.102437,-0.350921,-0.401894,-0.564789,-0.491270,-0.196395,-0.389621,-0.388987,-0.199442,-0.505676,-0.545663,-0.344952,0.095089,-0.160272,-0.244021,-0.356275,-0.405186,-0.253021,-0.439205,-0.372966,-0.181229,-0.222120,-0.379684,0.288240,-0.155877,-0.322014,-0.502284,0.051369,-0.245249,-0.313187,-0.065841,0.026724,0.086368,0.505888,-0.339076,-0.183391,-0.125133,-0.471511,-0.212122,-0.452179,0.318721,-0.255979,0.117180,0.105017,0.451414,-0.360001,0.412521,-0.583052,-0.487370,-0.421762,-0.367312,-0.247289,-0.382914,-0.255138,0.328015,0.421434,-0.206131,0.040159,-0.531119,-0.130377,-0.334269,-0.037301,-0.930169,-0.246862,-0.623472,-0.553917,-0.515049,-0.570091,-0.615964,-0.106122,-0.161637,-0.305235,-0.488859,-0.296925,-0.722586,-0.785463,-0.246923,-0.291791,-0.344084,-0.832970,-0.036361,-0.011467,0.485925,0.347655,-0.097722,-0.140966,0.160683,-0.000547,0.212276,0.171991,0.313803,-0.339610,0.084962,-0.201777,-0.152118,-0.057648,0.073323,-0.202004,-0.085150,-0.536299,-0.371287,0.409915,0.102105,-0.174319,0.144245,-0.218930,-0.249141,0.265216,0.516324,0.426007,-0.730254,-0.541965,-0.157072,0.304012,-0.121997,-0.572199,-0.086633,-0.228439,-0.270824,-0.636238,-0.298960,-0.428840,-0.261692,-0.338008
-0.276126,-0.304525,0.009728,-0.629299,-0.603251,0.717039,0.455953,-0.453986,1.045189,0.437430,0.379626,-0.399401,-0.640712,-0.576675,0.256675,0.239229,0.575812,0.972283,0.923484,0.358634,0.355376,0.674723,0.616147,0.380681,0.532525,0.489326,0.774993,0.666266,-0.214673,0.084687,0.659395,0.503379,0.153729,0.341761,0.529544,0.199331,0.553459,0.870904,0.737842,0.803640,0.453817,0.764494,0.811563,0.768641,0.675582,0.826670,-0.053969,-0.702481,0.174800,-0.162999,0.134141,-0.529464,0.025493,-0.052975,0.259822,-0.348670,-0.353132,-0.423059,-0.048108,-0.347966,0.274283,-0.538969,0.275262,0.587137,0.686364,0.367025,0.672086,-0.054503,0.672504,0.978077,0.329193,-0.284414,0.710881,-0.215494,0.769769,-0.274332,0.453802,-0.693781,-0.394789,-0.030264,0.229866,0.478111,0.342249,-0.676968,0.167324,0.601200,1.251554,1.370843,1.412328,1.355587,0.943732,1.482150,0.592412,0.511447,1.199830,0.578126,0.000000,0.229459,0.715130,0.432228,1.233745,0.164482,-0.072424,-0.085553,0.955579,-0.363349,1.041441,0.818008,0.237037,0.190228,0.462351,-0.028654,0.842604,0.360738,-0.319869,0.950565,0.819300,-0.743344,0.150015,0.668677,0.284990,0.181572,0.129726,0.691784,0.473328,0.750850,0.375589,0.324232,0.293691,0.122546,0.087460,0.907483,1.421176,-0.084055,0.674251,0.014480,-0.217698,-0.393191,0.422598,0.430335,-0.318768,-0.526881,-0.265843,-0.503900,-0.447135,-0.148677,-0.593340,-0.373098,-0.455197,-0.367163,-0.378617,-0.291000,-0.109030,0.350052,-0.259878,-0.234536,-0.618213,-0.377012,-0.384401,-0.039979,-0.292952,-0.472240,-0.095112,0.070259,-0.145300,-0.040571,-0.560817,-0.234680,-0.550690,-0.194040,-0.740145,-0.081749,-0.632335,-0.061743,-0.441525,0.014943,-0.776319,-0.495926,-0.150691,-0.708199,0.337765,0.015059,-0.241532,-0.421093,0.589298,-0.590451,0.005575,-0.600447,-0.375997,-0.338708,-0.207833,-0.003927,0.002915,0.089208,-0.152008,-0.016439,-0.864225,-0.309444,-0.082640,-0.426389,-0.495799,-0.142482,-0.720934,-0.647716,-0.574717,-0.808928,-0.627447,-1.210394,-0.833493,-0.415887,0.085954,0.211992,-0.273570,-0.543043,-0.333306,-0.330880,0.115085,-0.243121,-0.502595,-0.535992,0.234024,0.403375,0.081735,0.100182,0.174614,-0.139090,0.113450,-0.418058,0.274526,0.435833,0.256990,-0.529916,-0.106999,-0.143210,-0.151190,0.130215,0.511077,-0.173617,-0.265150,-0.279690,-0.617530,-0.351532,-0.022399,-0.050463,-0.155718,-0.299169,-0.472680,0.662779,0.104039,0.189364,-0.721129,-0.716928,-0.175949,0.552316,0.074286,-0.681355,-0.214031,-0.393525,-0.195278,-0.624287,-0.086992,-0.796499,-0.320425,-0.364902
0.111088,-0.020209,-0.279966,-0.216832,-0.157381,0.221625,0.048063,-0.011876,0.488231,-0.153105,-0.118903,-0.080702,-0.341701,-0.123341,-0.022850,-0.394343,0.334190,0.474579,0.450340,0.004451,-0.001389,0.289880,0.168469,-0.083121,-0.046672,0.121573,0.342529,0.485773,-0.342055,0.031101,0.428328,-0.131549,0.176126,-0.032172,0.111893,-0.266126,0.011046,0.127710,0.534262,0.407945,-0.012728,0.437359,0.170145,0.383098,0.253544,0.406668,-0.166814,-0.590600,-0.623477,-0.345289,-0.631864,-0.460250,-0.625759,-0.461757,-0.272333,-0.394828,0.047670,-0.180932,0.077718,-0.393449,0.456444,-0.562688,0.311358,0.156745,0.188098,0.319028,0.335110,-0.076475,-0.065080,0.300007,0.241572,-0.535171,0.606041,-0.242344,0.217941,-0.254166,0.067247,-0.059598,0.385692,-0.611723,0.705979,0.713311,0.008134,0.041782,-0.165324,1.146091,0.584246,0.449152,0.357808,0.281479,0.333549,0.373422,-0.047196,-0.086237,0.209028,1.115077,0.229459,0.000000,0.832227,0.901506,0.192330,0.590520,0.622721,0.947755,-0.093971,0.382980,0.053895,-0.177429,-0.180114,-0.335580,0.230294,0.677432,-0.015473,0.219942,-0.289390,0.572493,0.754534,0.239618,-0.253996,0.641558,0.385163,-0.318844,-0.127612,0.193172,0.152277,0.050478,0.768029,0.232483,0.783831,0.123681,0.848534,-0.046648,0.515263,-0.083706,0.118165,-0.292978,0.876098,0.280509,0.559839,-0.139975,0.061483,-0.341270,-0.359143,-0.378926,-0.267447,-0.048604,-0.156202,-0.233062,-0.172878,-0.398724,-0.238504,-0.133766,0.036613,-0.328654,-0.089455,-0.028034,-0.168209,-0.113970,-0.231497,-0.260884,0.104798,-0.062975,-0.240987,0.140257,-0.209714,-0.162838,-0.206613,-0.215228,-0.021616,-0.145576,-0.137687,-0.056289,0.076865,0.992796,-0.558279,-0.161269,0.024893,-0.261390,-0.461945,-0.220212,0.190512,-0.379167,0.041425,0.189508,0.362987,-0.641358,0.646257,-0.554224,-0.604085,-0.415816,-0.311140,-0.380960,-0.460854,-0.524428,0.479330,0.450226,0.027198,0.149678,-0.792980,-0.044911,-0.123522,0.209749,-0.653026,-0.162030,-0.529603,-0.371151,-0.434641,-0.277746,-0.377494,-0.230563,-0.154617,-0.311902,-0.120095,0.070097,-0.627392,-0.443953,-0.184517,-0.060479,-0.076101,-0.660411,-0.153708,0.003457,0.642366,0.376118,-0.046029,0.186658,0.262166,-0.016858,0.236221,0.217062,0.358104,-0.259451,0.211447,-0.213333,-0.392025,0.052293,0.049823,-0.157941,-0.177555,-0.436288,-0.280291,0.588301,-0.079889,-0.149516,0.293414,-0.063913,-0.137624,0.055528,0.608808,0.507598,-0.587464,-0.440530,-0.173415,0.039344,-0.272961,-0.539358,-0.013169,-0.075394,-0.176190,-0.584345,-0.061006,-0.317988,-0.233295,-0.332851
0.274453,0.077065,0.249376,-0.689821,-0.373156,0.367496,-0.040746,-0.249372,0.615746,0.207715,0.006085,0.154155,-0.471330,-0.406803,0.299324,-0.085122,0.448697,0.823314,0.706616,0.031529,0.200759,0.574559,0.461965,0.119449,0.177191,0.333346,0.500508,0.738128,-0.185658,-0.106222,0.463792,0.413629,-0.015760,0.314868,0.575062,0.000819,0.268855,0.510331,0.661038,0.727070,0.308503,0.570319,0.516604,0.538151,0.434002,0.509450,-0.079619,-0.469591,-0.191976,-0.560476,-0.123280,-0.385154,-0.303267,-0.199684,0.040064,-0.294673,-0.096121,-0.263254,-0.278217,-0.267531,0.191392,-0.469549,0.142016,0.332988,0.371070,0.364028,0.612132,0.008467,0.168059,0.515638,0.193755,-0.312291,0.524665,-0.123798,0.273851,0.083293,-0.026997,-0.192979,0.222555,-0.547167,0.400420,0.828186,0.210230,-0.205419,0.165038,0.868139,0.770284,0.718119,0.719426,0.583685,0.566899,0.707242,0.054481,-0.087113,0.401220,1.195198,0.715130,0.832227,0.000000,0.738602,0.759057,0.719096,0.544945,0.565792,0.532542,-0.064024,0.376710,0.445815,0.314064,0.158712,0.749393,0.079299,0.354748,-0.021002,-0.157179,0.657220,0.789060,-0.302298,0.016329,0.474843,0.594806,-0.127273,0.005579,0.162484,0.047111,0.124208,0.475449,0.469761,0.948613,0.314106,0.660676,0.431599,0.773355,0.007095,0.219947,0.018734,0.381990,-0.021313,0.852489,0.084576,0.032672,-0.505468,-0.519531,-0.514001,-0.660015,-0.376914,-0.458793,-0.437027,-0.480290,-0.576905,-0.626118,-0.501457,0.140130,0.146645,-0.372007,-0.349872,-0.534529,-0.527454,-0.529644,-0.438731,-0.278754,-0.448183,-0.496498,0.190212,-0.452691,-0.463596,-0.666119,0.087097,-0.376403,-0.424492,-0.194008,-0.233744,-0.071499,0.269247,-0.402264,-0.306613,-0.266443,-0.542092,-0.401314,-0.316285,0.162111,0.095967,-0.008795,0.053643,0.260091,-0.450238,0.514115,-0.569813,-0.369894,-0.676083,-0.526060,-0.409217,-0.543122,-0.495641,-0.026336,0.036013,-0.328296,-0.331577,-0.528755,-0.318270,-0.474191,-0.313285,-0.655438,-0.272950,-0.522239,-0.642376,-0.405332,-0.770167,-0.593060,-0.099953,0.102057,0.060124,-0.474415,-0.438785,-0.368200,-0.503304,-0.022923,-0.347324,-0.229762,-0.643656,0.033699,0.037868,0.394416,0.409865,0.035773,-0.087142,0.442483,-0.086982,0.367062,0.376102,0.232406,-0.305360,0.186954,-0.481821,-0.134021,0.174041,0.241511,-0.039972,-0.093332,-0.252989,-0.220454,0.260467,-0.026211,-0.429937,-0.062336,-0.475296,-0.150842,0.148962,0.548851,0.615718,-0.779589,-0.347896,-0.295753,0.134300,-0.139300,-0.726294,0.036018,-0.458716,-0.263978,-0.849311,-0.374273,-0.555010,-0.512795,-0.438778
0.112610,-0.054844,-0.203578,-0.225344,-0.318950,0.145838,0.082997,0.116645,0.747155,-0.240578,-0.088780,-0.053478,-0.318665,-0.356311,0.216175,-0.152006,0.729570,0.595302,0.526657,0.029061,0.103321,0.658892,0.296371,0.097368,0.036034,0.266750,0.633430,0.599087,-0.256369,-0.184431,0.626279,-0.116381,0.058615,0.009300,0.283436,-0.146182,0.304666,0.283212,0.881464,0.677637,0.114179,0.623119,0.395260,0.575994,0.487535,0.716910,-0.189768,-0.648434,-0.417207,-0.425863,-0.301607,-0.418743,-0.587951,-0.394314,-0.223554,-0.418580,-0.095452,-0.150206,-0.214646,-0.439578,0.579573,-0.408051,0.274605,0.437825,0.362521,0.399819,0.473332,-0.029519,0.095176,0.469264,0.282167,-0.671163,0.699090,-0.228899,0.477414,-0.462476,0.137180,-0.094776,0.373937,-0.446978,0.870442,0.899062,0.194301,-0.004464,0.189404,0.982712,0.674353,0.597605,0.538100,0.437514,0.431175,0.649588,-0.001943,-0.001469,0.386076,1.064426,0.432228,0.901506,0.738602,0.000000,0.421719,0.380570,0.688157,0.332775,0.044181,0.265007,0.061608,-0.081844,-0.301009,-0.494397,0.155062,0.326505,-0.093702,0.030399,-0.317259,0.674409,0.996057,0.031701,0.061660,0.618719,0.121360,-0.481938,0.044899,0.220973,0.222193,0.347428,0.972753,0.285693,0.730164,0.389530,0.407762,0.287806,0.663245,-0.193276,0.257676,-0.171048,0.790406,-0.034765,0.703852,-0.203441,-0.006941,-0.377470,-0.454157,-0.653532,-0.511137,-0.220633,-0.453234,-0.532978,-0.075355,-0.615008,-0.471015,-0.279623,-0.023009,-0.467445,-0.145698,-0.396884,-0.442212,-0.223608,-0.574813,-0.343479,-0.053792,-0.111630,-0.343542,0.166779,-0.177367,-0.348958,-0.489392,-0.193008,-0.235588,-0.356763,-0.037958,-0.080085,0.099787,0.460476,-0.404151,-0.014237,-0.008425,-0.335157,-0.224811,-0.452581,0.372130,-0.307793,0.262134,0.330959,0.523615,-0.295248,0.290237,-0.255163,-0.431535,-0.475905,-0.145943,-0.272022,-0.397588,-0.280385,0.525189,0.142555,-0.261105,0.362629,-0.436175,-0.139520,-0.373062,0.029812,-0.648158,-0.153091,-0.556227,-0.600250,-0.520782,-0.472970,-0.661172,-0.074910,-0.173598,-0.388889,-0.493763,-0.291932,-0.941441,-0.799241,0.008341,-0.310405,-0.326790,-0.600945,-0.126934,0.133328,0.687149,0.658393,0.030871,0.063898,0.099312,-0.116809,0.187230,0.133598,0.346602,-0.259546,-0.012795,-0.071934,-0.083783,0.014173,0.133919,-0.004320,-0.043596,-0.346541,-0.289254,0.512455,-0.045047,-0.075845,0.328048,-0.012293,-0.152075,0.184988,0.215479,0.431461,-0.574069,-0.514660,0.002936,0.200181,-0.247947,-0.711667,-0.273234,-0.182492,-0.293089,-0.651239,-0.190350,-0.311557,-0.352894,-0.355198
-0.035355,-0.073471,0.146563,-0.513551,-0.464976,0.435312,0.415125,-0.575677,0.682793,0.402884,0.332130,-0.218642,-0.469438,-0.508277,0.219134,0.069637,0.493596,0.607373,0.595476,0.185696,0.236713,0.692306,0.404269,0.163203,0.320165,0.365915,0.567100,0.488014,-0.213960,-0.170956,0.481472,0.375052,-0.017934,0.231714,0.396960,0.161749,0.456153,0.682333,0.533365,0.664231,0.354752,0.590869,0.667390,0.561122,0.513528,0.670161,-0.084210,-0.673295,0.021607,-0.208257,0.205585,-0.487158,-0.123364,-0.198589,0.247459,-0.310806,-0.270574,-0.389668,-0.200136,-0.393993,0.179325,-0.457632,-0.080906,0.411156,0.396651,0.116155,0.418094,-0.179413,0.411489,0.673416,0.115307,-0.330754,0.358692,-0.198465,0.657833,-0.226227,0.332275,-0.524219,-0.207080,0.064919,0.178455,0.468615,0.274740,-0.673793,0.345963,0.480639,0.769164,1.062842,1.186580,1.179473,0.827477,0.985734,0.638396,0.300211,0.901833,0.620019,1.233745,0.192330,0.759057,0.421719,0.000000,0.297965,-0.047775,-0.042926,1.053461,-0.116916,0.786577,0.870621,0.176090,0.164880,0.491869,0.064735,0.641570,0.156966,-0.209051,0.550732,0.707912,-0.863804,0.036500,0.372164,0.483855,0.313003,0.158674,0.594915,0.355725,0.668817,0.224952,0.249006,0.309932,0.290913,0.015475,1.087424,0.917750,-0.049234,0.841509,0.112327,-0.215640,-0.397765,0.523555,0.295890,-0.239357,-0.548026,-0.157484,-0.525480,-0.344118,-0.154728,-0.606864,-0.212647,-0.564775,-0.392303,-0.439122,-0.214585,-0.252240,0.232626,-0.397644,-0.344321,-0.630533,-0.368162,-0.326643,-0.066012,-0.445983,-0.514738,-0.015832,-0.066689,-0.205820,-0.090379,-0.444448,0.007777,-0.629389,-0.182666,-0.472013,-0.131875,-0.459282,-0.146263,-0.189827,-0.009360,-0.531551,-0.261158,-0.120586,-0.624801,0.343207,0.050848,-0.186647,-0.247496,0.532980,-0.311967,-0.038439,-0.399049,-0.192484,-0.238407,-0.310444,-0.057120,0.068199,0.140247,-0.158666,-0.021310,-0.785320,-0.326458,-0.160209,-0.370612,-0.461176,-0.203363,-0.688807,-0.340932,-0.435699,-0.651351,-0.447341,-0.810880,-0.614685,-0.212540,0.121715,0.265512,-0.305181,-0.644234,-0.256826,-0.353529,0.074497,-0.310387,-0.386159,-0.469405,0.097390,0.402967,-0.070394,0.171037,0.141484,-0.055664,-0.015536,-0.386147,0.102293,0.117608,0.009423,-0.370042,-0.138145,0.009786,0.047806,-0.007863,0.224983,-0.097700,-0.137198,-0.263521,-0.374089,-0.230761,0.140054,0.014799,-0.023784,-0.335964,-0.251527,0.507088,0.321082,0.067261,-0.420241,-0.599444,-0.060992,0.394306,0.035627,-0.483359,-0.360218,-0.357634,-0.262875,-0.502918,-0.164361,-0.730540,-0.287389,-0.385156
0.599903,0.322771,0.210563,-0.240390,-0.365658,0.030387,-0.233015,-0.022887,0.313761,-0.009044,0.092837,0.212179,-0.156599,-0.408171,0.187391,0.051027,0.274168,0.321526,0.240929,0.004545,0.257314,0.248106,0.079405,-0.173236,0.154754,0.311189,0.397393,0.400856,-0.351374,-0.047389,0.150279,0.292229,-0.012202,-0.068194,0.285511,0.109131,0.221475,0.406241,0.216170,0.272935,0.039095,0.157587,0.249026,0.133634,0.090242,0.180797,-0.171617,-0.123178,-0.168770,-0.584918,-0.238222,-0.217104,-0.226786,-0.083273,-0.098713,-0.084621,-0.121763,-0.193837,-0.262249,-0.069470,-0.019914,-0.223826,0.169870,0.216342,0.241940,0.264438,0.467008,-0.068665,0.071824,0.274560,0.208008,-0.104637,0.139000,-0.143266,0.013844,0.023979,-0.234220,0.204444,0.536667,-0.580827,0.272923,0.784293,0.287297,-0.081729,0.142203,0.541156,0.194601,0.192301,0.277880,0.163401,0.163817,0.192772,-0.118841,-0.171431,0.002424,0.772852,0.164482,0.590520,0.719096,0.380570,0.297965,0.000000,0.552739,0.515474,0.312016,0.171595,-0.111244,0.194281,0.091458,0.072694,0.464490,0.213230,0.162485,-0.105525,-0.009913,0.144293,0.542089,-0.008061,0.132772,0.215653,0.569821,-0.151790,0.213701,-0.170016,-0.200169,-0.313042,0.189187,0.545915,0.789307,0.405577,0.782687,0.204673,0.284322,0.441387,0.079301,0.262192,0.525417,0.003263,0.796615,0.007999,0.477787,-0.156215,-0.294850,-0.345011,-0.414750,-0.396935,-0.348651,-0.301619,-0.395949,-0.593147,-0.480340,-0.425321,0.447556,-0.034326,-0.610994,-0.476009,-0.407685,-0.402414,-0.182979,-0.484083,-0.302987,-0.443268,-0.550374,0.127862,-0.226972,-0.486847,-0.444271,0.429516,-0.320773,-0.381421,0.156354,0.044003,0.212373,0.249002,-0.134571,-0.439280,0.015173,-0.324057,-0.309486,-0.307428,0.031626,-0.102763,0.055366,0.227742,-0.128660,-0.168439,0.542172,-0.310998,-0.089120,-0.406888,-0.271277,-0.143894,-0.580749,-0.412687,0.064220,0.258481,-0.040975,-0.124869,-0.301309,-0.158069,-0.268222,-0.262890,-0.339814,0.037234,-0.481831,-0.378388,-0.006783,-0.441692,-0.419258,0.193992,0.165162,-0.065516,-0.598845,-0.324686,-0.296185,-0.289644,-0.200553,-0.094258,0.025719,-0.422342,0.233987,-0.180229,0.180707,0.201861,-0.124779,-0.424220,0.205876,-0.025946,0.293682,0.036885,0.173144,-0.133536,0.294483,-0.371054,0.168350,0.192403,0.169686,0.093584,0.259582,-0.052891,0.009990,0.303847,-0.159457,-0.270343,-0.014340,-0.144679,-0.201898,0.050517,0.708470,0.423894,-0.535341,-0.134554,-0.332153,0.108340,-0.061558,-0.365624,0.026273,-0.411340,-0.152604,-0.396290,-0.514437,-0.296477,-0.452440,-0.444641
0.361830,0.056265,0.029395,-0.156800,-0.202287,-0.283720,-0.292112,0.256565,0.156905,-0.175733,-0.396209,0.491593,0.016890,0.087687,0.353985,-0.174832,0.176385,0.243670,0.105370,-0.223270,-0.066431,0.217610,-0.007265,-0.096338,-0.245652,0.048084,0.139071,0.334432,-0.106677,-0.193671,0.082335,0.127447,-0.180915,-0.082327,0.166530,-0.255947,-0.058725,-0.035916,0.294755,0.236352,-0.029587,0.071295,-0.019073,0.027968,-0.057273,0.035333,0.119151,0.086169,-0.349323,-0.438328,-0.442996,0.224203,-0.188609,-0.101224,0.010530,0.154459,0.341168,0.314450,-0.283327,0.078518,0.187881,0.119883,0.208100,0.089667,0.091524,0.370530,0.248775,0.355379,-0.077598,0.012537,0.195978,-0.096520,0.252798,0.295032,0.093275,-0.118788,-0.459111,0.506400,1.048464,-0.648823,0.537284,0.858471,0.083545,0.259963,0.109481,0.442904,0.148817,0.032002,-0.005349,-0.126858,-0.073731,0.123074,-0.369385,-0.707462,-0.098879,0.562189,-0.072424,0.622721,0.544945,0.688157,-0.047775,0.552739,0.000000,0.552690,-0.065469,0.053089,-0.525869,-0.304978,-0.255276,-0.451436,0.290154,0.090757,-0.449389,-0.563568,0.231403,0.115038,0.470214,0.199910,-0.064378,0.260273,0.079591,-0.826126,-0.009043,-0.235064,-0.182045,-0.217786,0.468992,0.427921,1.001988,0.287197,0.648958,-0.122113,0.023022,-0.101741,-0.374196,-0.008103,1.095326,0.321959,0.876049,-0.164878,0.306841,0.161551,-0.367532,-0.135272,-0.284591,-0.198014,-0.011036,-0.230166,0.045715,-0.350101,-0.284611,-0.171244,0.463236,-0.258355,-0.108378,-0.259709,-0.075598,-0.117874,-0.276604,-0.236849,0.110968,0.016804,-0.436878,0.413051,-0.038857,-0.425126,-0.276506,0.101220,0.060659,-0.216075,0.287491,0.137782,0.247013,0.330581,-0.148211,-0.311663,0.159606,-0.375126,-0.303437,-0.299024,-0.196421,-0.168169,0.336736,0.889978,-0.118235,0.031325,0.662132,0.032223,-0.163541,-0.837097,-0.375459,-0.878453,-1.161276,-0.937745,0.032975,-0.202282,-0.143311,-0.008078,-0.682267,-0.414835,-0.348392,-0.388565,-0.077685,0.050857,-0.032526,-0.370041,0.055967,-0.223570,-0.324697,0.456893,-0.082527,-0.365692,-0.462916,-0.260593,-0.538979,-0.236706,-0.087914,-0.427485,0.240816,-0.101346,-0.340654,-0.156922,0.736672,0.654135,0.060174,-0.170936,0.437994,0.257166,0.291840,0.052217,0.379159,0.003220,0.530728,-0.227103,0.031358,0.232519,-0.021052,0.407223,0.272601,0.181613,0.409557,1.087422,-0.137759,-0.259437,0.128525,-0.209946,0.198456,-0.192596,0.179458,0.460549,-0.427219,0.124637,0.143475,-0.028289,-0.362531,-0.261061,0.213330,-0.059718,-0.207149,-0.405328,-0.616894,0.144630,-0.267754,-0.251744
0.191261,0.137119,-0.002485,-0.270788,-0.074473,-0.028303,-0.216113,-0.079524,0.173701,0.025223,-0.230709,0.246985,-0.173303,0.031188,0.079425,-0.377787,0.007212,0.224340,0.122726,-0.014955,-0.063900,0.017928,0.135949,-0.043358,-0.032985,0.044553,0.092810,0.273494,-0.055088,-0.001019,0.039049,0.069258,0.179964,0.024379,0.066849,-0.230558,-0.038847,-0.022027,0.176100,0.182165,0.025033,0.134955,0.041424,0.050211,-0.041203,-0.090523,0.049315,-0.178615,-0.412189,-0.470986,-0.450819,-0.170102,-0.334949,-0.110095,-0.090180,-0.087847,0.223120,0.032969,0.167545,-0.043512,0.380346,-0.183182,0.005920,0.056923,0.148513,0.257103,0.277742,0.226265,-0.035854,-0.005795,0.099298,-0.027935,0.339009,-0.177949,-0.166043,0.111681,-0.170697,0.079486,0.361781,-0.708993,0.485144,0.410990,-0.055309,0.227733,-0.122272,0.466776,0.128253,0.074241,-0.011365,-0.024382,0.081947,0.063977,-0.241113,-0.340101,-0.096210,0.489505,-0.085553,0.947755,0.565792,0.332775,-0.042926,0.515474,0.552690,0.000000,-0.091479,0.257905,-0.152197,-0.177037,0.016045,-0.117931,0.315999,0.400429,-0.047725,0.076886,-0.119802,0.224868,0.189558,0.275954,-0.482186,0.161270,0.461284,-0.273653,-0.185305,-0.125737,-0.223130,-0.289021,0.336793,0.241879,0.552019,-0.001021,0.611952,-0.227401,0.105017,0.019854,-0.198310,-0.208867,0.651774,0.693590,0.334322,-0.197240,0.119342,-0.359640,-0.209133,-0.088546,-0.121799,-0.081063,0.003812,0.017485,-0.265743,-0.271307,-0.106848,-0.007569,0.243712,-0.090469,-0.099735,0.152345,-0.025969,-0.154404,-0.020912,-0.223837,0.252247,-0.058343,-0.175663,0.111124,-0.348978,-0.219503,0.008178,-0.098677,0.093652,-0.046522,-0.044945,-0.247615,0.193567,0.697079,-0.501858,-0.300271,0.004918,-0.229952,-0.669643,0.044989,0.119782,-0.115907,0.084263,0.198577,-0.010170,-0.411515,0.638239,-0.445338,-0.287829,-0.416921,-0.403267,-0.457737,-0.657101,-0.853850,0.159510,0.234068,0.192113,-0.197483,-0.656309,-0.060632,-0.121635,-0.063152,-0.189598,-0.057747,-0.283480,-0.193103,-0.129172,-0.113249,-0.091715,0.014571,0.155088,-0.002758,0.088672,0.266860,-0.177548,-0.083500,-0.025967,0.109819,0.269806,-0.334712,-0.181616,-0.186561,0.414690,0.462586,-0.036828,0.291076,0.429428,0.030279,0.350329,0.115018,0.240147,0.021120,0.263140,-0.263589,-0.362153,0.266007,0.067262,0.115986,-0.109709,-0.070464,0.053245,0.627253,-0.041228,-0.257049,0.316047,-0.183401,0.232675,-0.181554,0.614871,0.513809,-0.352582,-0.053332,-0.285906,-0.102954,-0.323846,-0.321606,0.169516,-0.112386,-0.063324,-0.509416,-0.071734,-0.199140,-0.288532,-0.257899
0.001904,-0.035166,0.467568,-0.640344,-0.636134,0.314821,0.179705,-0.467001,0.513659,0.565554,0.375740,0.017003,-0.240542,-0.448599,0.521876,0.351794,0.131755,0.436621,0.324016,0.215462,0.291248,0.323763,0.332819,0.285070,0.452411,0.370673,0.489814,0.272086,-0.033854,-0.099697,0.076403,0.798440,-0.048154,0.226183,0.336292,0.295189,0.460430,0.630489,0.160587,0.345154,0.466818,0.244424,0.483273,0.199883,0.185499,0.208958,0.119538,-0.149110,0.345081,-0.226359,0.362243,-0.192032,0.248305,0.191272,0.634973,0.045705,-0.261877,-0.218356,-0.104576,0.044455,0.027756,-0.054146,-0.010213,0.487701,0.507702,0.260853,0.466181,0.111671,0.624050,0.463523,0.159709,0.167463,0.240800,0.029174,0.421659,0.054282,0.155948,-0.284204,-0.203051,0.084853,-0.011298,0.345542,0.375836,-0.523844,0.430301,0.148381,0.451259,0.606899,0.798675,0.722660,0.679873,0.775000,0.483964,0.222368,0.662364,0.270380,0.955579,-0.093971,0.532542,0.044181,1.053461,0.312016,-0.065469,-0.091479,0.000000,-0.506965,0.607202,1.408791,0.474216,0.533707,0.859537,-0.256273,0.935072,0.037784,0.105740,0.387658,0.356131,-0.876725,0.099850,0.107496,0.452588,0.407730,0.357309,0.322682,0.021872,0.346753,-0.107616,0.544899,0.203015,0.283027,-0.062534,0.941830,0.611836,0.220151,0.430536,0.335295,-0.398498,-0.243239,0.513102,0.387917,-0.100687,-0.317516,-0.083794,-0.255949,-0.281985,-0.268313,-0.531273,-0.110811,-0.668881,-0.326707,-0.331186,-0.218310,0.145411,0.690235,-0.513002,-0.320584,-0.539936,-0.528236,-0.159328,0.036583,-0.433943,-0.655235,-0.048473,-0.051067,-0.188792,-0.208141,-0.391419,0.087890,-0.637980,-0.153010,-0.466503,-0.130530,-0.478735,-0.479062,-0.149032,-0.282257,-0.600430,-0.322875,-0.224610,-0.564715,0.171181,0.351835,-0.223373,-0.228805,0.083659,-0.230583,-0.099624,-0.215197,0.083979,-0.390264,-0.375619,-0.040369,-0.129671,-0.030316,-0.627966,-0.227770,-0.760509,-0.767757,-0.018989,-0.591862,-0.583347,-0.578667,-0.213975,-0.275554,-0.248358,-0.642542,-0.071348,-0.844723,-0.528165,0.091928,0.518802,0.635110,-0.297967,-0.618251,0.078441,0.037469,0.141717,-0.171314,-0.040869,-0.085073,0.358215,0.306497,-0.211968,0.102174,0.189828,-0.221068,0.188004,-0.291843,0.355012,0.185178,0.087010,-0.238375,0.093569,-0.124133,0.223945,0.227730,0.457817,0.199068,0.128592,0.161217,-0.089196,-0.422179,-0.101993,-0.148761,-0.267926,-0.466057,-0.071673,0.350631,0.218292,0.193296,-0.386845,-0.162330,-0.203635,0.355018,-0.046165,-0.395275,-0.172520,-0.617798,-0.232623,-0.371886,-0.431704,-0.592361,-0.467642,-0.469809
0.381457,0.514919,-0.404382,0.268477,0.247443,-0.347631,0.128571,0.195318,-0.108497,-0.531474,-0.005181,-0.064898,0.099689,0.125688,-0.293965,-0.509584,0.033592,-0.251293,-0.249029,-0.440651,-0.335426,-0.028194,-0.471726,-0.545845,-0.419699,-0.294407,-0.063259,-0.162134,-0.228512,-0.462603,-0.021638,-0.630440,-0.233738,-0.533043,-0.356385,-0.355475,-0.171752,-0.304577,-0.059169,-0.188941,-0.443814,-0.118962,-0.151094,-0.104954,-0.133317,0.049708,-0.283482,-0.199002,-0.640254,0.003729,-0.312384,-0.280251,-0.633087,-0.446157,-0.426036,-0.142229,0.144339,0.072059,0.020814,-0.148875,0.207757,-0.161334,-0.110559,-0.179587,-0.270468,-0.194385,-0.227302,-0.385104,-0.639228,-0.139157,0.027611,-0.341524,-0.102493,-0.490106,-0.104647,-0.352380,0.108131,0.186025,0.246896,0.004430,0.318706,-0.036595,0.008960,0.223598,-0.086624,0.109213,-0.247527,-0.213875,-0.201791,-0.142691,-0.198108,-0.260908,-0.048375,-0.108737,-0.181043,0.210751,-0.363349,0.382980,-0.064024,0.265007,-0.116916,0.171595,0.053089,0.257905,-0.506965,0.000000,-0.237832,-0.351524,-0.636926,-0.460594,-0.284235,0.826462,-0.297768,0.237384,-0.081060,-0.133692,0.034935,0.336058,-0.388938,-0.141836,0.314826,0.033045,0.001064,-0.085239,0.017750,-0.098674,0.019411,-0.130900,0.057388,0.152222,0.224652,-0.286950,-0.208007,0.011462,0.208776,-0.226696,0.372166,0.170070,-0.024563,-0.447774,0.423539,-0.026948,0.100220,-0.244603,0.132219,-0.002584,-0.071830,-0.002563,0.055721,-0.151273,0.087115,0.138123,-0.267374,-0.852740,-0.113472,-0.122917,-0.036588,0.171404,0.065303,-0.118616,0.025680,0.103469,0.005082,-0.343560,-0.092121,-0.094143,0.147160,0.184496,-0.040820,-0.028389,0.425505,0.065348,0.502735,0.379077,-0.009703,-0.147546,0.542380,0.501826,-0.092113,0.148455,0.211401,-0.482210,0.077093,0.255246,0.035053,-0.086955,0.032199,0.109306,0.120060,0.247486,-0.132756,0.159843,0.156584,-0.030230,0.614119,0.544855,0.457352,0.639038,-0.289413,0.468477,0.160058,0.432678,-0.151995,0.493633,-0.186965,0.174810,0.071417,0.410152,0.144010,-0.006127,-0.182826,-0.190804,0.020830,0.285751,-0.076551,-0.227589,0.012355,0.158886,0.072582,-0.104537,-0.201153,0.057318,0.046178,0.219691,-0.035130,0.365706,-0.427889,-0.180188,-0.130188,-0.291254,-0.075707,0.216868,-0.084819,0.406617,0.023506,-0.494349,-0.253779,-0.133304,0.067438,-0.403112,-0.075377,0.235959,-0.054100,0.246186,0.597723,0.549177,0.025760,-0.321419,0.428798,-0.051280,0.263641,-0.182166,0.041525,-0.198021,-0.269151,-0.007436,-0.357275,0.016297,-0.343101,0.112114,0.046844,0.003776,0.070554,-0.222065
-0.262637,-0.109484,-0.018600,-0.553389,-0.239307,0.627920,0.459394,-0.542177,0.523913,0.382011,0.501323,-0.527220,-0.521439,-0.327304,-0.004668,0.099007,0.354549,0.585860,0.666654,0.243077,0.237642,0.479785,0.551083,0.222641,0.417627,0.298065,0.341436,0.403038,-0.081979,0.083568,0.510647,0.232949,0.185976,0.418702,0.318337,0.164134,0.337323,0.535780,0.449470,0.522961,0.373957,0.634608,0.577980,0.670986,0.655671,0.658236,-0.190368,-0.703604,0.141874,0.024805,0.319826,-0.688467,-0.048893,-0.084302,0.112427,-0.431012,-0.424531,-0.517480,0.063582,-0.404046,0.091642,-0.611311,0.006060,0.269748,0.341685,0.051677,0.394790,-0.337862,0.324670,0.637946,0.110738,-0.236754,0.356098,-0.296477,0.351038,-0.083061,0.529174,-0.862670,-0.716748,0.264306,-0.003418,-0.037156,0.162843,-0.590942,-0.036717,0.295057,0.764115,0.874015,0.766139,1.001736,0.701925,0.740322,0.619771,0.848269,0.835176,0.207452,1.041441,0.053895,0.376710,0.061608,0.786577,-0.111244,-0.525869,-0.152197,0.607202,-0.237832,0.000000,0.857949,0.354998,0.426555,0.311333,0.057249,1.036217,0.696196,-0.339325,0.534056,0.311754,-0.625977,-0.004233,0.421955,0.331789,0.502221,0.010967,0.785867,0.517545,0.661076,0.045560,-0.102457,-0.007164,-0.100371,-0.084049,0.624565,0.872923,-0.059301,0.669741,-0.033641,-0.515253,-0.340394,-0.009803,0.357999,-0.333959,-0.524817,0.019273,-0.306394,-0.183706,0.050360,-0.357860,-0.134272,-0.444395,-0.092196,-0.093979,-0.111828,-0.393195,0.336289,-0.133670,0.022103,-0.359710,-0.205886,-0.196002,0.065848,-0.221726,-0.390477,0.121676,-0.147494,-0.295247,0.175105,-0.253030,-0.221458,-0.400531,-0.036928,-0.673681,-0.254850,-0.532187,-0.101454,-0.393255,0.145674,-0.534755,-0.176128,-0.046238,-0.213627,0.283882,0.120138,-0.511058,-0.801827,0.471596,-0.616318,-0.212441,-0.569464,-0.321276,0.026671,-0.010693,0.252224,0.406186,0.352329,-0.049174,0.057276,-0.437810,-0.216245,0.105639,-0.048978,-0.157418,0.105672,-0.466122,-0.463452,-0.405799,-0.357825,-0.603491,-0.562472,-0.406878,-0.793733,0.070111,0.415964,0.022321,-0.252172,0.019033,-0.202034,0.075429,0.046951,-0.495157,-0.473896,0.277892,0.479865,-0.172233,-0.125561,0.152279,0.107996,-0.007074,-0.515008,0.008130,0.363393,-0.008716,-0.251124,-0.259899,-0.077671,-0.289163,-0.138159,0.287240,-0.466891,-0.484331,-0.459188,-0.744305,-0.678973,0.029763,0.018609,-0.157525,-0.126155,-0.542110,0.395308,0.138438,0.023639,-0.279669,-0.643405,-0.290468,0.159149,0.192632,-0.385393,-0.229184,-0.232052,-0.050837,-0.251398,0.257051,-0.688692,-0.135143,-0.155855
0.111702,0.173021,0.434538,-0.657352,-0.374184,0.313714,0.170829,-0.401953,0.346323,0.373631,0.454610,0.005518,-0.155002,-0.385688,0.374873,0.266303,0.032963,0.346803,0.253251,0.036051,0.170073,0.235363,0.245060,0.128440,0.357475,0.212462,0.301562,0.173216,-0.021048,-0.210262,0.008583,0.681247,-0.138563,0.227621,0.262628,0.209451,0.340750,0.509747,0.059855,0.206019,0.312236,0.154432,0.368679,0.148482,0.156311,0.176136,-0.039664,-0.109583,0.355106,-0.163226,0.450591,-0.317008,0.199444,0.145451,0.453216,0.003803,-0.404337,-0.301841,-0.179230,0.048298,-0.074698,-0.073221,-0.044912,0.378037,0.393803,0.157266,0.427032,-0.063413,0.343386,0.386921,0.103990,0.196579,0.116062,-0.047276,0.206814,0.171435,0.190138,-0.288608,-0.313391,0.252260,-0.115930,0.052473,0.398181,-0.444322,0.347592,0.028869,0.341086,0.476729,0.651157,0.659113,0.601995,0.579970,0.477984,0.403229,0.534741,0.138261,0.818008,-0.177429,0.445815,-0.081844,0.870621,0.194281,-0.304978,-0.177037,1.408791,-0.351524,0.857949,0.000000,0.550992,0.766133,0.813601,-0.248258,1.173419,0.245394,0.151098,0.320904,0.161313,-0.798052,0.102951,-0.012581,0.555189,0.620680,0.384164,0.330307,0.036845,0.285234,-0.290022,0.330430,0.063583,0.233027,-0.085960,0.782665,0.519800,0.348610,0.486658,0.390059,-0.539725,-0.259249,0.262613,0.235712,0.016361,-0.347267,-0.000887,-0.228060,-0.266814,-0.334195,-0.531687,-0.130669,-0.749932,-0.302724,-0.238216,-0.287352,0.065103,0.659817,-0.578399,-0.302471,-0.573235,-0.602772,-0.160349,-0.029854,-0.547433,-0.766121,-0.082129,-0.210907,-0.383726,-0.253102,-0.372255,0.190827,-0.694880,-0.213772,-0.383374,-0.242587,-0.358904,-0.566956,-0.088570,-0.323889,-0.388839,-0.136359,-0.201231,-0.262075,0.146582,0.444692,-0.310288,-0.339521,-0.008508,-0.253360,-0.252629,-0.172532,0.177426,-0.185872,-0.293266,0.200039,0.087520,0.103524,-0.538175,-0.153077,-0.444555,-0.594474,0.142011,-0.254398,-0.417819,-0.450236,-0.129455,-0.102069,-0.247277,-0.428858,-0.021335,-0.629369,-0.408321,-0.043429,0.493026,0.854488,-0.297450,-0.495568,0.334143,0.020772,0.166270,0.014626,-0.074717,-0.068774,0.518215,0.352245,-0.316853,-0.000031,0.168954,-0.149021,0.076327,-0.400115,0.289627,0.177455,-0.039018,-0.117235,-0.054009,-0.138236,0.253194,0.048600,0.463735,0.053054,0.109201,0.063561,-0.207375,-0.748360,-0.200340,-0.145683,-0.255428,-0.340025,-0.156103,0.156551,0.226178,0.197144,-0.166585,-0.109838,-0.307054,0.166931,-0.046041,-0.345730,-0.174833,-0.732248,-0.244364,-0.170806,-0.329088,-0.555652,-0.439532,-0.444166
0.142661,0.078073,1.012243,-0.266021,-0.125324,0.424024,-0.450379,-0.246796,0.007618,0.537079,0.165601,0.260911,-0.125805,-0.395882,0.251464,0.412693,-0.035929,0.174648,0.201486,0.288841,0.346984,-0.004580,0.484192,0.469229,0.458921,0.279779,0.069633,0.125120,0.220507,0.265391,-0.026720,0.503432,0.096468,0.643814,0.573377,0.461620,0.211894,0.386672,-0.057344,0.147090,0.460530,0.101330,0.264973,0.098842,0.128838,-0.084997,0.106613,0.108144,0.524749,-0.123780,0.461820,-0.004601,0.265064,0.344190,0.137316,-0.074361,-0.304926,-0.286150,0.015845,0.155956,-0.319706,-0.055127,-0.091368,0.104543,0.111208,0.022256,0.145642,0.089194,0.292879,0.033837,-0.164027,0.278613,-0.046240,-0.056126,-0.372374,1.174568,-0.054100,-0.264313,-0.311257,-0.165066,-0.490095,-0.128264,-0.010104,-0.049811,0.157223,-0.115463,0.064907,0.058531,0.135799,0.081036,0.237119,0.051385,-0.179773,0.103504,-0.067826,-0.013951,0.237037,-0.180114,0.314064,-0.301009,0.176090,0.091458,-0.255276,0.016045,0.474216,-0.636926,0.354998,0.550992,0.000000,1.538494,0.493041,-0.641659,0.511305,-0.063378,-0.061296,0.088747,-0.215611,-0.240560,0.389509,-0.205313,0.114614,0.355307,-0.015765,-0.204211,-0.420317,-0.177920,-0.241273,0.178991,-0.112372,0.040082,-0.001316,0.242683,0.135389,0.209375,-0.127313,0.172766,-0.372457,-0.111002,-0.092248,0.129616,-0.229338,-0.381271,-0.328318,-0.110608,-0.393000,-0.387266,-0.250788,-0.187280,-0.381969,-0.090498,-0.442033,-0.479789,0.101790,0.644214,-0.229416,-0.145496,-0.235081,-0.561694,-0.177628,-0.347372,-0.432488,-0.392691,-0.303393,-0.077748,-0.425644,-0.290274,-0.327413,0.171725,-0.262354,-0.355077,-0.136138,-0.564015,-0.100441,-0.247125,-0.005805,-0.078801,-0.225696,-0.211388,-0.061712,0.334702,0.056035,0.830214,-0.048016,-0.428307,-0.090257,-0.041264,0.080729,-0.200213,0.126880,-0.025352,-0.035638,0.160211,-0.050041,-0.022279,-0.397541,-0.145615,0.046703,-0.620731,0.232600,-0.020837,-0.069585,-0.255988,0.011433,-0.139010,-0.146267,0.071521,-0.024364,-0.175929,0.168024,-0.074185,0.456467,0.397716,-0.045546,-0.092963,0.360134,0.050561,0.090919,-0.111199,-0.217159,-0.024982,0.399106,-0.253847,-0.247913,-0.298594,-0.221550,-0.150891,0.491740,0.140955,0.143460,0.312468,-0.237125,-0.114311,-0.089513,-0.729893,0.010626,0.353046,0.232563,-0.083555,-0.116368,0.109691,-0.053749,-0.303343,0.048778,-0.642953,-0.666902,-0.425960,0.014147,0.065970,0.095063,0.243098,-0.144576,0.150947,-0.577138,-0.135857,0.256137,-0.164628,0.121336,-0.362369,0.139109,-0.271061,0.019025,-0.329455,-0.300420,0.099765
0.228987,0.287165,0.880655,-0.296082,-0.115459,0.239533,-0.372004,-0.261271,-0.122460,0.488927,0.307288,0.238441,0.033173,-0.297095,0.253876,0.416271,-0.203509,0.030564,0.031661,0.140950,0.218390,-0.117338,0.258997,0.246340,0.348056,0.140283,-0.036000,-0.047415,0.178137,0.072721,-0.208847,0.503342,-0.032141,0.415816,0.354376,0.393437,0.145732,0.322703,-0.269780,-0.036903,0.301006,-0.074688,0.139194,-0.065586,-0.026599,-0.196086,0.086574,0.209665,0.561246,0.033552,0.579311,-0.033343,0.325122,0.360480,0.248519,0.085759,-0.324734,-0.206899,0.054402,0.276192,-0.403683,0.080726,-0.107967,0.062833,0.052394,-0.042230,0.087973,0.015413,0.196401,-0.030789,-0.137887,0.434003,-0.226459,-0.051379,-0.472683,0.984606,-0.006993,-0.198284,-0.349669,0.087419,-0.640106,-0.332895,0.002377,-0.065357,0.113900,-0.327704,-0.087812,-0.065183,0.057670,0.045372,0.178019,-0.037773,-0.053107,0.202999,-0.084495,-0.183426,0.190228,-0.335580,0.158712,-0.494397,0.164880,0.072694,-0.451436,-0.117931,0.533707,-0.460594,0.426555,0.766133,1.538494,0.000000,0.551211,-0.525317,0.655322,0.063086,0.134709,-0.070181,-0.368768,-0.297933,0.268941,-0.392239,0.267521,0.658963,0.163757,-0.140288,-0.428953,-0.197562,-0.569184,0.146898,-0.245537,0.066230,-0.035523,0.185381,0.019599,0.349197,-0.050725,0.289309,-0.573210,-0.061218,-0.157464,0.070442,-0.067636,-0.280810,-0.169418,-0.057739,-0.261779,-0.397801,-0.274659,-0.118184,-0.524373,-0.076213,-0.283526,-0.411032,0.065157,0.641505,-0.391396,-0.172599,-0.271715,-0.571258,-0.058078,-0.243799,-0.497661,-0.540134,-0.225990,-0.319521,-0.447879,-0.273683,-0.251840,0.286800,-0.383053,-0.310379,-0.110467,-0.493955,-0.135444,-0.431170,0.066661,-0.210006,-0.125309,0.048255,-0.118792,0.362207,-0.020735,0.850319,-0.236889,-0.438582,-0.254929,-0.085576,-0.042858,-0.029223,0.353817,0.072882,-0.071241,0.323745,0.114836,0.042779,-0.527868,-0.135503,0.076661,-0.600922,0.276840,0.022296,-0.032395,-0.238235,0.160455,0.074908,-0.087875,0.145016,0.189421,-0.100806,0.223593,-0.044163,0.573429,0.680814,0.000141,-0.086878,0.656044,0.233478,0.183019,0.024355,-0.050580,0.158453,0.537846,-0.088365,-0.444010,-0.367521,-0.137830,-0.107320,0.280914,-0.028924,0.137551,0.234891,-0.288926,-0.052905,-0.059315,-0.499560,0.157759,0.259494,0.279101,-0.013937,0.016609,0.204519,0.005757,-0.581895,-0.145645,-0.485875,-0.603101,-0.244977,-0.007153,-0.057505,0.185575,0.187649,0.053381,0.223676,-0.538610,-0.230363,0.167579,-0.095249,0.006822,-0.483712,0.033838,-0.092896,-0.026088,-0.326704,-0.313177,-0.043960
0.348339,0.338323,0.474448,-0.698310,-0.518606,0.024248,-0.300925,-0.150666,0.242852,0.273959,0.179080,0.376525,0.041378,-0.250159,0.691668,0.227993,-0.081594,0.291939,0.141606,-0.121137,0.143913,0.163294,0.213009,0.132969,0.236211,0.213815,0.284689,0.187752,0.066285,-0.265529,-0.148280,0.732410,-0.198171,0.173807,0.305043,0.104189,0.295480,0.408947,0.033270,0.199993,0.359055,0.077744,0.236184,0.060078,-0.014818,0.003961,0.149621,0.038794,0.228595,-0.290298,0.204174,-0.098639,0.138090,0.219149,0.460224,0.231307,-0.163880,0.027562,-0.080845,0.275454,0.024574,0.177946,0.141016,0.367887,0.352690,0.415752,0.607590,0.320749,0.315670,0.172387,0.173826,0.338441,0.176843,0.079627,-0.025233,0.280161,-0.176928,0.108186,0.229464,-0.237630,0.022238,0.300239,0.199144,0.053337,0.297179,0.120116,0.245801,0.261225,0.380144,0.301394,0.444959,0.426316,0.023075,-0.023796,0.215873,0.297503,0.462351,0.230294,0.749393,0.155062,0.491869,0.464490,0.290154,0.315999,0.859537,-0.284235,0.311333,0.813601,0.493041,0.551211,0.000000,-0.130151,0.490597,-0.012836,0.454031,0.244981,0.208136,-0.284854,-0.161365,-0.063771,0.515863,0.225632,0.461929,0.019455,-0.369112,-0.048790,-0.102630,0.642507,0.448184,0.446947,0.409070,0.314743,0.324985,0.332129,0.031950,0.349184,0.081436,0.283370,0.612266,-0.143722,0.104595,-0.369379,-0.433971,-0.332727,-0.500478,-0.578820,-0.582067,-0.299523,-0.845632,-0.628347,-0.432314,-0.456862,0.249088,0.363231,-0.696673,-0.425256,-0.624273,-0.864877,-0.361281,-0.302632,-0.403473,-0.748084,-0.406844,-0.255288,-0.645201,-0.623583,-0.527015,0.102470,-0.629134,-0.456232,-0.184779,-0.423800,-0.191198,-0.223712,-0.235111,-0.680321,-0.100907,-0.193867,-0.813308,-0.200836,0.053812,0.427081,-0.056161,0.197305,-0.157948,-0.389951,0.265068,-0.119972,0.149739,-0.755762,-0.609701,-0.260717,-0.560546,-0.586528,-0.573881,-0.315459,-0.292993,-0.695699,-0.375906,-0.552422,-0.499203,-0.666579,0.025413,0.093503,-0.249844,-0.412383,0.164474,-0.543495,-0.308337,0.241721,0.577859,0.703786,-0.303574,-0.283973,0.189584,0.089934,0.276356,-0.119933,0.285807,0.039276,0.329376,0.040983,0.036529,0.288506,0.082137,-0.064078,0.555494,-0.258429,0.531782,0.311289,0.147361,-0.174485,0.272100,-0.414787,0.255787,0.429214,0.466128,0.456225,0.312885,0.366894,0.209317,-0.039479,-0.390276,-0.373388,-0.200473,-0.304587,0.044184,-0.196732,0.505157,0.609743,-0.342531,0.012063,-0.381005,-0.136814,-0.346123,-0.699084,-0.094704,-0.759209,-0.452473,-0.555679,-0.570269,-0.502683,-0.953782,-0.695132
0.020004,0.074754,-0.740713,0.104600,0.038428,-0.133155,0.480492,-0.125293,0.150205,-0.283494,-0.028626,-0.295661,-0.119401,0.248299,-0.340587,-0.538786,0.088224,-0.029703,0.022947,-0.174343,-0.264256,0.006725,-0.231414,-0.508830,-0.187215,-0.207847,-0.036354,-0.011079,-0.332508,-0.112839,0.168197,-0.420111,0.026506,-0.440496,-0.373052,-0.414246,-0.246747,-0.064333,0.086168,0.016823,-0.317255,0.125429,-0.013729,0.126716,0.051594,0.213744,-0.258912,-0.480528,-0.606844,0.039307,-0.414847,-0.309685,-0.489064,-0.480607,-0.172280,-0.145126,0.232513,-0.027677,0.243778,-0.375592,0.300375,-0.372963,0.012421,-0.108461,-0.088137,-0.068710,-0.055072,-0.240340,-0.268135,0.090652,0.118405,-0.369439,0.218979,-0.309211,0.154955,-0.578876,0.163811,0.034089,0.149888,-0.016181,0.373989,0.080672,-0.018144,0.051048,-0.211973,0.363371,0.124566,0.133511,0.042222,0.101991,-0.041987,0.009573,0.153721,0.135070,0.086796,0.358569,-0.028654,0.677432,0.079299,0.326505,0.064735,0.213230,0.090757,0.400429,-0.256273,0.826462,0.057249,-0.248258,-0.641659,-0.525317,-0.130151,0.000000,-0.096707,0.563916,-0.132331,0.153846,0.297469,0.326235,-0.577737,0.338607,0.372804,0.152492,-0.111933,0.310538,0.352625,0.080718,0.206300,-0.203783,0.207895,-0.149271,0.310655,-0.119928,0.133071,-0.035850,0.289501,-0.201209,0.367106,0.199861,0.047758,-0.144592,0.137274,-0.054732,0.082718,-0.096159,0.202033,0.277228,0.038326,0.101770,-0.049038,-0.062391,0.247483,0.274059,-0.280092,-0.556659,0.002928,0.176864,0.065279,0.299871,0.109810,0.071786,0.264519,0.071265,0.185562,-0.130480,0.001879,0.195432,0.194092,-0.085800,0.023708,0.172995,-0.037164,0.225026,0.046870,0.599534,-0.205106,-0.030075,0.212794,0.254312,-0.249824,-0.113332,0.146876,-0.777144,-0.285908,0.060372,0.240433,-0.457037,0.184282,-0.271819,-0.208765,0.155322,-0.099518,0.041267,0.124832,-0.058782,0.527126,0.615159,0.155771,0.429334,-0.443841,0.230770,0.242522,0.595581,-0.263323,0.103699,-0.190138,0.021057,-0.138661,0.134955,-0.062180,-0.229611,-0.292841,-0.164492,0.245867,0.291756,-0.228828,-0.161001,-0.167765,0.342433,0.132284,-0.326401,-0.136173,0.269345,0.128745,0.118898,-0.025197,0.459568,-0.318448,-0.249485,-0.105222,-0.147715,0.157105,0.009801,0.133717,0.515262,-0.339242,-0.256853,-0.146980,-0.223471,-0.119889,-0.429864,-0.233067,0.212560,0.074724,0.322923,0.592766,0.378001,-0.191055,0.040895,0.486363,-0.100786,-0.045593,-0.408613,0.091309,-0.088763,-0.249347,-0.101414,-0.179722,0.216565,-0.136877,-0.046332,0.170539,-0.053882,0.123428,-0.186476
-0.164180,-0.073928,0.242322,-0.588209,-0.404117,0.576287,0.328588,-0.339646,0.592913,0.421469,0.624229,-0.334435,-0.406569,-0.438479,0.273276,0.302591,0.161085,0.489165,0.415898,0.294508,0.244475,0.260867,0.361649,0.329203,0.564872,0.307132,0.470113,0.292405,0.013471,0.146930,0.204204,0.466150,0.166126,0.322329,0.275424,0.231942,0.386340,0.493033,0.198880,0.257688,0.431227,0.333130,0.525443,0.294206,0.264564,0.284691,0.049721,-0.294453,0.321830,-0.163010,0.261082,-0.527367,0.136185,0.205616,0.323468,-0.171874,-0.415959,-0.338011,0.176514,0.010385,0.158415,-0.356091,0.186402,0.556262,0.646966,0.310043,0.445271,-0.107090,0.475790,0.646583,0.356857,0.084716,0.325687,-0.327571,0.278710,0.041015,0.560317,-0.647853,-0.630802,0.126017,0.020941,0.112355,0.454235,-0.530064,0.169520,0.204332,0.493453,0.580322,0.722321,0.792905,0.750383,0.706781,0.514556,0.522547,0.694940,0.154068,0.842604,-0.015473,0.354748,-0.093702,0.641570,0.162485,-0.449389,-0.047725,0.935072,-0.297768,1.036217,1.173419,0.511305,0.655322,0.490597,-0.096707,0.000000,0.595381,-0.229696,0.535247,0.255087,-0.639835,0.103109,0.195855,0.424687,0.476943,0.216897,0.445358,0.154857,0.392476,-0.059206,0.289901,-0.062533,0.017284,-0.042175,0.668961,0.706971,0.219703,0.552952,0.043344,-0.531859,-0.181280,0.066764,0.394208,-0.138746,-0.411057,0.120116,-0.241393,-0.083476,-0.106082,-0.394750,-0.003300,-0.595448,-0.170569,-0.066004,-0.068189,0.077116,0.632522,-0.326040,-0.047901,-0.386250,-0.389263,0.101735,0.153614,-0.318870,-0.459057,0.118878,-0.109687,-0.201442,0.040822,-0.147275,-0.093729,-0.455014,0.000958,-0.680232,-0.184128,-0.467460,-0.197532,-0.439078,-0.132391,-0.680344,-0.265789,-0.172296,-0.324234,0.275027,0.262953,-0.357869,-0.711191,0.181177,-0.565158,-0.201061,-0.443109,-0.091217,-0.106822,-0.160274,0.266227,0.113035,0.124143,-0.263435,0.125948,-0.374796,-0.456762,0.186447,-0.155071,-0.410280,-0.108054,-0.319785,-0.451748,-0.515300,-0.551093,-0.302309,-0.655662,-0.433352,-0.355143,0.600632,0.652606,-0.061986,-0.249969,0.169377,0.086186,0.193610,0.136963,-0.245841,-0.238413,0.480010,0.337101,-0.332270,-0.056424,0.197819,-0.101396,0.063857,-0.453645,0.404237,0.380276,0.154588,-0.193607,-0.119907,-0.197495,-0.087626,0.068150,0.656395,-0.166751,-0.211408,-0.178624,-0.600891,-0.819972,-0.249514,-0.031670,-0.238298,-0.194913,-0.274225,0.423049,0.163786,0.244488,-0.382390,-0.349629,-0.530254,0.346533,0.051286,-0.375728,-0.170607,-0.546335,-0.118945,-0.217144,-0.064241,-0.758116,-0.314636,-0.370871
-0.267481,-0.028856,-0.512808,-0.081201,-0.171606,0.324234,0.462945,-0.120499,0.422264,-0.089834,0.440367,-0.701533,-0.197304,-0.137853,-0.095074,0.003217,0.155390,0.207387,0.250642,0.116061,-0.016931,0.062295,0.179026,-0.002172,0.335268,0.002916,0.211905,0.115809,-0.139395,0.151540,0.247788,-0.037582,0.233822,-0.010198,-0.059489,-0.112991,0.132188,0.244038,0.160590,0.090325,0.012827,0.295994,0.306107,0.314322,0.265621,0.335527,-0.201568,-0.480632,0.074944,0.137683,-0.049766,-0.709183,-0.073710,-0.065731,-0.089097,-0.263751,-0.284023,-0.282003,0.464010,-0.203881,0.374677,-0.420541,0.278028,0.323393,0.413063,0.207351,0.308376,-0.197820,0.177015,0.439004,0.370907,-0.104879,0.442428,-0.669937,0.131147,-0.296109,0.623500,-0.441938,-0.499691,0.160876,0.156105,-0.190069,0.220086,-0.103719,-0.204530,0.208673,0.326289,0.338882,0.344683,0.458102,0.326150,0.310095,0.385519,0.893383,0.411186,0.043676,0.360738,0.219942,-0.021002,0.030399,0.156966,-0.105525,-0.563568,0.076886,0.037784,0.237384,0.696196,0.245394,-0.063378,0.063086,-0.012836,0.563916,0.595381,0.000000,-0.323776,0.472607,0.167091,0.062093,-0.237732,0.302246,0.212353,0.424382,0.135403,0.499436,0.369835,0.340703,0.078868,-0.105510,-0.207963,-0.178060,0.007105,0.111186,0.458050,0.183776,0.573155,-0.096170,-0.168880,0.059845,-0.330912,-0.084152,-0.124606,-0.462208,0.049491,-0.239186,0.020067,0.021403,-0.276693,-0.085298,-0.326719,-0.156691,0.204175,0.038732,-0.261342,-0.082731,-0.130122,0.138542,-0.244191,-0.125324,0.097694,0.065073,-0.031191,-0.204483,0.180685,-0.325612,-0.252077,0.171939,0.015837,-0.316086,-0.273253,0.006814,-0.481518,-0.131826,-0.257626,0.239077,-0.479532,0.032740,-0.136027,0.131657,-0.258874,-0.070248,0.423255,-0.236795,-0.306240,-0.517886,0.363121,-0.790086,-0.196401,-0.447923,-0.198953,0.260172,0.113892,0.570644,0.402652,0.244703,0.308906,0.471384,0.075570,0.219495,0.142761,0.279788,0.077893,0.512609,-0.238305,-0.176429,-0.547231,-0.129928,-0.324378,-0.179727,-0.206041,-0.707752,0.076423,0.296353,0.242219,0.335390,0.074374,-0.017018,0.186328,0.598465,-0.185440,-0.304146,0.406839,0.375082,-0.103052,-0.094835,0.067738,0.338106,-0.216004,-0.670247,0.119927,0.164324,0.136565,-0.120866,-0.334344,0.164377,-0.288755,-0.076626,0.456380,-0.331574,-0.286638,-0.374966,-0.816417,-0.568983,-0.202587,0.232337,0.229418,0.314390,-0.481906,0.272152,0.171374,0.011856,-0.095226,-0.549042,-0.389435,0.106193,-0.072786,-0.350442,-0.262095,-0.158809,-0.082066,-0.069704,0.396802,-0.470686,-0.066567,-0.237454
0.406497,0.461272,0.112496,0.028426,-0.028815,-0.653484,-0.334926,0.140277,-0.596736,-0.150320,-0.102804,0.538907,0.886225,0.449604,0.350995,0.026021,-0.718838,-0.459589,-0.588062,-0.613027,-0.375881,-0.422885,-0.459963,-0.438339,-0.412729,-0.417019,-0.495610,-0.429718,0.031816,-0.507832,-0.840075,0.316054,-0.597428,-0.302063,-0.318646,-0.247082,-0.337100,-0.271318,-0.699301,-0.570410,-0.318386,-0.720932,-0.594016,-0.717131,-0.724572,-0.607154,0.153536,0.835657,0.175077,0.306191,0.101797,0.488011,0.395815,0.126196,0.442088,0.884186,0.186294,0.461259,-0.120963,0.574738,-0.343292,1.066137,-0.033353,-0.227129,-0.284922,-0.026876,-0.120560,0.314133,-0.210136,-0.529354,-0.119166,0.648204,-0.467614,0.648075,-0.310990,0.181589,-0.557499,0.946987,0.581563,0.269648,-0.311262,-0.257181,-0.116494,0.337904,0.023848,-0.572453,-0.489053,-0.484671,-0.320084,-0.398532,-0.304017,-0.363613,-0.078606,-0.281667,-0.325880,-0.387395,-0.319869,-0.289390,-0.157179,-0.317259,-0.209051,-0.009913,0.231403,-0.119802,0.105740,-0.081060,-0.339325,0.151098,-0.061296,0.134709,0.454031,-0.132331,-0.229696,-0.323776,0.000000,-0.530298,-0.353016,0.070792,-0.298391,-0.541592,0.136094,0.198957,0.496429,-0.213386,-0.397122,-0.345055,-0.666231,0.166065,0.048379,0.267353,0.046253,-0.321602,-0.552542,0.359327,-0.314737,0.560487,0.000468,0.408064,0.177443,-0.383897,0.394154,0.405079,-0.042529,0.256661,0.053206,-0.284095,0.036538,0.047617,-0.236989,-0.091213,0.094417,-0.094404,0.230970,0.090415,-0.387283,-0.209312,-0.036544,-0.253618,0.032638,0.035179,-0.183065,-0.294339,-0.126486,-0.317652,-0.176459,-0.337050,-0.034350,0.374647,-0.176845,-0.143888,0.317339,0.056197,0.018092,-0.489092,0.435977,-0.579321,0.505231,0.446917,-0.285406,0.108626,-0.557281,0.275358,-0.014697,0.713145,-0.639432,0.240148,0.023182,0.736724,0.671105,-0.216569,-0.317109,-0.207017,-0.201312,-0.331074,-0.696364,-0.539189,0.032488,-0.265455,-0.175438,-0.291771,0.027324,-0.497160,0.750294,0.793327,0.549811,0.211160,1.194536,0.228030,0.216937,0.667736,0.156177,0.445918,-0.103236,-0.047692,0.542452,0.559626,0.105936,0.023685,0.969321,0.905353,0.095812,0.079679,-0.026779,0.027034,0.115804,-0.016558,0.149019,0.059134,0.020365,-0.260763,-0.166544,0.160286,0.375942,0.076970,0.654437,0.159822,-0.036512,0.732868,0.872641,0.954039,1.007332,0.000636,-0.438840,-0.115591,-0.117691,-0.104146,0.316731,-0.635693,0.107914,0.002483,0.469241,0.738381,0.274087,-0.458370,-0.411177,0.153502,0.121790,-0.203495,-0.263847,0.284130,-0.556686,0.349617,-0.162483,-0.265437
-0.323580,-0.473515,-0.159548,-0.422314,-0.373601,0.750313,0.456232,-0.018731,1.182561,0.022720,0.035483,-0.279879,-0.592130,-0.413145,0.190089,0.023333,0.477322,0.703840,0.600341,0.233660,0.175614,0.343707,0.356126,0.400102,0.428652,0.265095,0.672227,0.464246,-0.107942,0.197204,0.522665,0.183094,0.148999,0.164737,0.289048,-0.020207,0.290842,0.416186,0.667059,0.517952,0.317388,0.580813,0.607859,0.570096,0.450731,0.564473,-0.010200,-0.594204,-0.035996,-0.435692,-0.312758,-0.480461,-0.176042,-0.085082,-0.016648,-0.380958,-0.191524,-0.297930,0.020167,-0.240891,0.609791,-0.559530,0.480077,0.713997,0.817960,0.624844,0.580424,0.146341,0.448584,0.775306,0.510002,-0.354534,1.286868,-0.366667,0.694696,-0.259647,0.490658,-0.501928,-0.225293,-0.305181,0.579761,0.615042,0.549498,-0.184362,0.242964,0.878766,0.991844,0.869413,0.917068,0.754781,0.714022,1.043524,0.232208,0.302230,0.739323,0.779167,0.950565,0.572493,0.657220,0.674409,0.550732,0.144293,0.115038,0.224868,0.387658,-0.133692,0.534056,0.320904,0.088747,-0.070181,0.244981,0.153846,0.535247,0.472607,-0.530298,0.000000,0.820025,-0.132309,0.183713,0.744914,0.079828,-0.103849,0.005333,0.411071,0.351807,0.503954,0.815715,0.418308,0.286032,0.060251,0.223048,0.603410,1.158076,-0.030283,0.489194,-0.175702,0.205179,-0.146714,0.294434,0.127412,-0.245886,-0.481068,-0.288141,-0.425272,-0.345724,-0.128734,-0.406716,-0.306090,-0.150060,-0.366572,-0.204908,-0.186237,0.122271,0.118452,-0.027925,-0.083395,-0.391315,-0.275843,-0.277912,-0.087282,-0.073644,-0.103616,-0.110397,0.296842,-0.067555,-0.118795,-0.318178,-0.429717,-0.229296,-0.139563,-0.574645,-0.039477,-0.257290,0.334681,-0.574591,-0.062745,-0.471304,-0.614411,-0.298434,-0.482764,0.558093,-0.159671,0.107821,-0.229196,0.560370,-0.572817,0.029068,-0.722240,-0.542837,-0.336283,-0.233074,0.005749,-0.202340,-0.086103,0.190150,0.349403,-0.302513,-0.041160,-0.130201,-0.112239,-0.450659,0.002640,-0.659522,-0.610510,-0.688830,-0.701445,-0.681720,-0.775844,-0.723179,-0.305289,0.053378,-0.032421,-0.217694,-0.055529,-0.412951,-0.448184,0.107397,-0.016682,-0.409995,-0.596151,0.168074,0.121998,0.310372,0.293644,0.040825,-0.038338,0.092349,-0.239132,0.513933,0.453196,0.622333,-0.366052,-0.169950,-0.097960,-0.305919,0.100921,0.608913,-0.134254,-0.247239,-0.394000,-0.784997,-0.065617,-0.024236,0.028397,0.179214,-0.149961,-0.244127,0.497546,0.032531,0.474320,-0.779951,-0.608861,-0.320392,0.641459,-0.188464,-0.735359,-0.080653,-0.299235,-0.254982,-0.564818,-0.109470,-0.517919,-0.278481,-0.322759
-0.043918,-0.260584,-0.261633,-0.273223,-0.558919,0.429824,0.363956,-0.081518,1.049728,-0.007514,0.202627,-0.420304,-0.513896,-0.400094,0.204335,0.040315,0.772393,0.799779,0.783530,0.166174,0.269038,0.773174,0.345871,0.136851,0.263669,0.421491,0.821399,0.814465,-0.360850,0.094482,0.759129,0.163813,0.092837,0.086473,0.351823,0.002558,0.366803,0.516884,0.906016,0.697365,0.252461,0.730184,0.577490,0.689082,0.545423,0.956533,-0.115797,-0.693679,-0.191581,-0.305920,-0.356748,-0.520049,-0.250388,-0.284855,-0.070426,-0.421431,-0.155757,-0.271170,-0.120914,-0.433773,0.446182,-0.620282,0.449658,0.518965,0.558510,0.472880,0.562887,-0.140609,0.339594,0.845298,0.493532,-0.614062,0.784003,-0.215041,0.908750,-0.603463,0.289877,-0.254668,0.186228,-0.327634,0.696646,1.278884,0.369299,-0.418661,0.103484,1.322349,1.124094,1.061322,1.111316,0.908528,0.655240,1.035225,0.355096,0.133185,0.837011,1.159047,0.819300,0.754534,0.789060,0.996057,0.707912,0.542089,0.470214,0.189558,0.356131,0.034935,0.311754,0.161313,-0.215611,-0.368768,0.208136,0.297469,0.255087,0.167091,-0.353016,0.820025,0.000000,-0.253078,0.108137,1.044236,0.171292,-0.341858,0.130115,0.477645,0.482247,0.557662,0.863612,0.419749,0.762091,0.334695,0.426244,0.550535,1.061014,-0.086761,0.574956,-0.072991,0.433016,-0.245871,0.828780,0.199100,-0.021846,-0.276831,-0.283185,-0.597429,-0.348541,-0.082501,-0.411950,-0.351222,-0.209278,-0.469284,-0.376547,-0.195055,0.063097,-0.130813,-0.210423,-0.330420,-0.432345,-0.205219,-0.292320,-0.098507,-0.210079,-0.182803,-0.145454,0.289342,0.008223,-0.072529,-0.462390,-0.148877,-0.317342,-0.178487,-0.318769,0.195740,-0.234729,0.384995,-0.462975,-0.026324,-0.357846,-0.572975,-0.130262,-1.024859,0.277114,-0.379852,0.092203,0.075416,0.647660,-0.439770,0.299454,-0.541205,-0.667567,-0.516568,-0.241252,-0.303557,-0.329505,-0.129361,0.242204,0.179424,-0.623536,0.064080,-0.396971,-0.408765,-0.520692,-0.049333,-0.978396,-0.495556,-0.688142,-0.959652,-0.618468,-0.870508,-1.012200,-0.241767,-0.159677,-0.265643,-0.504594,-0.455391,-1.021097,-0.543792,-0.143984,-0.368102,-0.437863,-0.713549,-0.049147,0.214773,0.486431,0.344360,0.170954,-0.253395,0.152860,-0.209942,0.228882,0.255033,0.439185,-0.424530,0.039791,-0.123823,-0.101266,-0.002876,0.260331,-0.133914,-0.099356,-0.420243,-0.468717,0.228476,-0.044408,0.065600,0.043557,-0.207296,-0.468469,0.556966,0.228576,0.250084,-0.894495,-0.776593,-0.067434,0.518394,-0.046944,-0.613744,-0.160045,-0.146416,-0.276324,-0.569529,-0.272405,-0.505307,-0.213167,-0.397808
0.139432,0.096374,-0.286246,0.414011,0.268632,-0.380061,-0.305600,0.734720,-0.364070,-0.720239,-0.532438,0.207928,0.505292,0.319144,-0.156087,-0.249828,-0.279228,-0.542664,-0.475203,-0.350252,-0.317581,-0.503771,-0.420963,-0.359295,-0.300825,-0.462767,-0.398009,-0.473473,0.067922,0.015818,-0.366994,-0.432643,-0.110507,-0.472937,-0.435723,-0.340657,-0.467148,-0.463251,-0.340477,-0.472584,-0.385363,-0.267161,-0.346043,-0.251403,-0.235403,-0.339352,-0.072924,0.274715,-0.227643,0.012013,-0.342324,0.141718,-0.194595,-0.109191,-0.412558,0.101808,0.188314,0.276652,0.155214,0.183081,0.072919,0.234553,0.209097,-0.123522,-0.200806,0.107431,-0.244930,0.173466,-0.442286,-0.412774,0.027144,0.034131,-0.041601,-0.049633,-0.389344,0.116523,-0.275963,0.485907,0.462903,-0.216260,0.119154,-0.159472,-0.160547,1.192867,-0.211477,-0.102439,-0.474784,-0.664115,-0.587116,-0.792279,-0.581293,-0.582199,-0.563101,-0.161653,-0.659259,-0.088203,-0.743344,0.239618,-0.302298,0.031701,-0.863804,-0.008061,0.199910,0.275954,-0.876725,0.336058,-0.625977,-0.798052,-0.240560,-0.297933,-0.284854,0.326235,-0.639835,0.062093,0.070792,-0.132309,-0.253078,0.000000,-0.082523,-0.160068,-0.385932,-0.256812,0.060584,-0.486746,-0.265673,-0.568581,0.064636,-0.020811,-0.059561,0.048999,0.258581,-0.638102,-0.404933,0.269821,-0.373044,0.095550,0.714179,0.404163,-0.255807,-0.630898,0.224224,0.230018,-0.147049,0.215818,0.058463,-0.032140,0.265282,-0.021230,0.486672,0.077389,0.274915,0.003344,0.161848,-0.474719,0.296727,0.140752,0.352201,0.163105,0.055228,-0.230233,0.345520,0.460324,-0.156160,0.026767,0.050405,-0.141183,0.196512,-0.013154,0.450426,-0.036010,0.474698,0.074835,0.627329,0.483050,0.112581,-0.210705,0.814840,0.252418,-0.198012,0.478227,0.002996,-0.159660,0.348156,0.437441,-0.251620,0.086974,0.148028,0.168707,-0.012087,0.067572,0.090879,0.095647,-0.170137,-0.199949,0.415779,0.263279,0.918410,0.468522,-0.089960,0.375208,0.316669,0.238609,0.433674,0.456472,0.128597,0.493890,0.274757,0.547843,0.356425,0.222794,-0.190735,-0.273521,0.186714,0.896439,0.090536,-0.006728,-0.001759,0.480191,0.269258,0.165234,0.102344,-0.448103,0.287248,0.058527,-0.285908,0.186112,-0.129561,0.209323,0.002341,-0.123948,0.157755,0.141589,0.068450,0.086694,0.057852,-0.032288,-0.088546,0.115653,0.313887,0.091318,0.160842,0.412826,-0.063339,0.000843,0.337033,0.464030,0.174516,-0.440652,0.009217,0.217272,0.266334,0.265833,-0.081827,-0.382002,-0.370314,0.109055,0.186619,0.188759,-0.042197,0.250085,0.036972,0.430093,0.087258,0.060585
0.052601,-0.221864,0.386159,0.093410,0.057489,0.446852,-0.165286,0.186962,0.153548,-0.060647,0.021611,0.066204,-0.221564,-0.475575,-0.021459,0.513713,0.299043,0.128365,0.148992,0.300830,0.462502,0.066666,0.165893,0.319094,0.372492,0.337978,0.217443,0.129594,-0.021996,0.362737,0.225273,0.034557,0.082006,0.299562,0.389367,0.506508,0.204909,0.253510,0.145927,0.124665,0.131245,0.068500,0.168953,0.122322,0.181804,0.167174,-0.154974,0.078204,0.331313,-0.263233,0.110525,0.124819,0.118396,0.179615,-0.340059,-0.230098,-0.424373,-0.362204,-0.417911,-0.050785,-0.320972,-0.149283,0.142335,0.148009,0.107966,-0.014391,0.094280,-0.101012,0.188788,0.134482,-0.049873,-0.141261,-0.012760,0.022580,-0.014329,0.233339,0.059029,-0.073065,-0.125833,-0.151162,-0.236423,0.155414,0.304839,-0.142980,0.421331,0.097249,0.118652,0.069262,0.116314,0.028467,0.085925,0.042709,-0.293587,0.132460,-0.108801,0.121217,0.150015,-0.253996,0.016329,0.061660,0.036500,0.132772,-0.064378,-0.482186,0.099850,-0.388938,-0.004233,0.102951,0.389509,0.268941,-0.161365,-0.577737,0.103109,-0.237732,-0.298391,0.183713,0.108137,-0.082523,0.000000,0.117443,-0.377420,-0.167186,-0.070299,-0.185672,-0.075694,-0.040493,0.206651,0.061724,-0.079389,0.057356,-0.071942,0.392434,0.155562,0.126864,-0.066701,0.081781,-0.064985,-0.706991,-0.034397,0.171485,-0.105999,0.042063,-0.193543,-0.132432,-0.326824,-0.231989,-0.142528,-0.337144,0.163432,-0.095366,-0.430994,-0.446700,0.274751,0.118274,-0.048977,-0.351266,-0.173017,-0.177103,-0.254366,-0.337015,-0.373834,-0.062493,-0.361249,0.332888,0.123410,-0.188540,-0.327873,0.169146,-0.062268,-0.333263,0.102268,0.014710,0.079690,-0.185139,0.279501,0.277075,-0.076189,-0.401266,0.487673,0.012124,0.057635,0.108092,0.279624,-0.198969,0.037619,0.390956,-0.137123,-0.051222,-0.023028,0.169804,0.456828,0.367962,0.035246,0.386385,0.125877,0.128727,0.032917,0.162490,0.618885,0.238797,-0.006063,-0.026935,-0.150620,-0.198434,-0.179955,0.021030,-0.180135,-0.164635,-0.075959,0.027880,-0.031150,-0.362822,-0.519028,-0.351285,-0.189957,-0.389317,-0.174866,-0.242280,-0.596425,-0.194215,0.284019,-0.371310,-0.122955,-0.346720,-0.412017,-0.818702,0.009723,0.298622,-0.031960,0.078204,-0.013084,-0.116384,-0.325004,-0.358396,0.138336,0.087427,0.103435,-0.207029,-0.032240,-0.109690,-0.228898,-0.137254,0.132531,-0.118814,-0.415498,-0.093370,-0.246941,0.328312,-0.394207,0.066071,-0.228235,0.008880,-0.160332,0.261418,0.453786,0.003763,0.065201,-0.045395,0.214222,0.001560,-0.058317,0.067533,-0.038095,0.348311
-0.368086,-0.576221,-0.513146,-0.210640,-0.202010,0.561280,0.512573,-0.263338,0.834672,0.079978,0.046725,-0.617532,-0.779877,-0.185066,-0.139216,-0.054834,0.671089,0.776341,0.962522,0.418348,0.318718,0.530047,0.470677,0.177726,0.307485,0.405834,0.500514,0.833756,-0.304651,0.424005,0.983288,0.047201,0.449049,0.231576,0.262229,0.018382,0.194521,0.436936,0.933220,0.756243,0.229740,0.782217,0.395621,0.805222,0.683207,0.878612,-0.155726,-0.813187,-0.200134,-0.207447,-0.357217,-0.408321,-0.171649,-0.241960,-0.142524,-0.546892,-0.070250,-0.393502,-0.079889,-0.738391,0.296938,-0.879463,0.342592,0.205339,0.385394,0.244909,0.452387,-0.182726,0.340175,0.715028,0.316832,-0.576760,0.739653,-0.059640,0.674555,-0.545185,0.245508,-0.421958,-0.074854,-0.240618,0.502552,0.637269,0.165817,-0.514667,-0.199574,1.090447,1.203072,0.994747,0.653424,0.668228,0.383314,0.732657,0.300614,0.310580,0.661237,0.675937,0.668677,0.641558,0.474843,0.618719,0.372164,0.215653,0.260273,0.161270,0.107496,-0.141836,0.421955,-0.012581,-0.205313,-0.392239,-0.063771,0.338607,0.195855,0.302246,-0.541592,0.744914,1.044236,-0.160068,0.117443,0.000000,0.037122,-0.355057,-0.257438,0.657532,0.837056,0.518071,0.840252,-0.049738,0.553302,-0.249195,0.311398,0.321192,0.922998,-0.325443,0.298864,-0.243515,0.258926,-0.304230,0.356978,0.471461,-0.190659,-0.153959,-0.097536,-0.201009,-0.131766,0.308707,-0.024780,-0.176140,0.001535,-0.085198,-0.078672,0.011969,-0.028570,-0.041357,0.162491,0.154984,-0.078676,0.142835,-0.190095,0.051294,0.135476,0.007865,0.028480,0.512992,0.134651,0.291559,-0.200409,-0.384200,0.017293,0.106856,-0.538133,0.262061,-0.364725,0.512471,-0.513634,0.356488,-0.504371,-0.681861,0.066052,-0.594397,0.071454,-0.566309,-0.232073,-0.251871,0.550643,-0.497491,0.274954,-0.833482,-1.178079,-0.214999,0.135446,-0.233896,-0.088670,0.031641,0.397038,0.209408,-0.526067,0.149744,-0.205847,-0.165087,-0.133825,0.235065,-0.858132,-0.849985,-0.436985,-0.606824,-0.953764,-0.673936,-0.814528,-0.633450,-0.455521,-0.445074,-0.179995,-0.313816,-0.961890,-0.509536,-0.397094,-0.181268,-0.522662,-0.963169,-0.143444,0.269992,0.512384,0.076114,0.144093,-0.125056,0.169993,-0.103327,0.054986,0.375243,0.449200,-0.230797,0.096472,-0.106942,-0.620059,-0.007136,0.111982,-0.435913,-0.514655,-0.554913,-0.634542,0.133171,0.161018,0.126725,0.051078,-0.210629,-0.609470,0.677817,-0.027386,0.070917,-0.844693,-0.701207,0.020101,0.453780,0.225459,-0.334060,0.092524,0.197275,0.189337,-0.387984,0.151490,-0.226305,0.056801,0.020090
0.380589,0.458133,0.116292,-0.404768,-0.155441,0.011544,0.095698,-0.591853,0.153867,0.189332,0.185643,0.126326,-0.195124,-0.101369,0.033442,-0.337829,0.003673,0.340709,0.230355,-0.060205,-0.091888,0.113809,0.107429,-0.302776,-0.090122,0.020132,0.126605,0.279244,-0.424869,-0.380976,0.081673,0.243871,-0.030407,-0.033507,0.117995,-0.166249,0.053431,0.216897,0.091269,0.221263,-0.152692,0.067568,0.056959,0.021339,0.008946,0.079887,-0.237103,-0.256310,-0.333340,-0.208435,-0.068223,-0.387972,-0.299437,-0.291858,0.199524,-0.073550,-0.002135,-0.266823,-0.101557,-0.227995,-0.042636,-0.240666,-0.270290,-0.090425,0.002096,-0.117030,0.232595,-0.209194,-0.077339,0.141446,-0.065366,-0.043152,0.082315,-0.111797,-0.041275,0.060723,-0.093414,-0.021926,0.088029,-0.038625,0.116429,0.151571,0.021502,-0.335966,-0.099908,0.244022,0.187802,0.283006,0.268380,0.315923,0.255686,0.196428,0.300213,0.081770,0.191088,0.418378,0.284990,0.385163,0.594806,0.121360,0.483855,0.569821,0.079591,0.461284,0.452588,0.314826,0.331789,0.555189,0.114614,0.267521,0.515863,0.372804,0.424687,0.212353,0.136094,0.079828,0.171292,-0.385932,-0.377420,0.037122,0.000000,0.457153,0.022061,0.233002,0.067864,-0.073735,-0.227696,0.138046,0.438611,0.058024,0.306958,0.101967,0.248001,0.250476,0.216133,0.110445,-0.053715,0.110908,0.413228,0.084123,0.319630,-0.333603,0.004927,-0.171708,-0.168986,-0.200698,-0.246465,-0.060585,-0.759945,-0.326926,-0.201810,-0.157671,-0.004196,0.153218,-0.627543,-0.128253,-0.349877,-0.315091,-0.081989,-0.120559,-0.200142,-0.747081,-0.178464,-0.175174,-0.453629,-0.262563,-0.217556,0.321780,-0.426944,-0.147228,-0.114566,-0.139351,-0.056177,0.038665,-0.158561,-0.380241,-0.073287,0.101109,-0.312797,-0.038184,-0.041580,0.040716,-0.521237,-0.115390,-0.099605,-0.365887,0.230362,-0.242068,0.118526,-0.075640,-0.375764,-0.025884,-0.029236,-0.247554,-0.118901,0.216254,-0.069697,-0.278977,-0.336212,0.012648,-0.037259,-0.085368,-0.323097,0.152302,-0.204045,-0.209143,0.055947,-0.248537,-0.226586,-0.097425,0.179280,0.366202,-0.137060,-0.246441,0.133769,-0.100262,-0.100959,0.104007,0.231708,-0.255497,0.178455,0.419994,0.027239,0.154226,0.104709,0.227510,0.062920,-0.166698,0.068760,-0.059643,-0.150316,0.016815,0.281558,-0.002485,-0.053987,-0.017179,0.042546,-0.042008,0.025433,-0.123071,-0.016945,-0.106958,-0.138261,-0.313000,0.128784,-0.271347,-0.022091,-0.090479,0.955901,0.149102,-0.128502,-0.034404,-0.086124,-0.041182,-0.168225,-0.214467,-0.027829,-0.493132,-0.107065,-0.268731,-0.165386,-0.319167,-0.248185,-0.455219
-0.000572,0.202290,0.134991,0.032450,0.013397,0.066775,0.219591,-0.527795,-0.200248,0.273000,0.252528,-0.080288,0.134983,0.027357,-0.101132,-0.000487,-0.344842,-0.222020,-0.153024,0.009223,-0.123809,-0.294536,-0.087017,-0.160741,0.098672,-0.195482,-0.217287,-0.357881,-0.088817,-0.132882,-0.255641,0.138118,-0.127563,-0.062285,-0.146193,0.058963,-0.094495,0.172009,-0.449765,-0.226538,-0.094160,-0.192040,-0.052426,-0.164743,-0.130515,-0.138657,-0.082737,-0.014543,0.220541,0.394348,0.395197,-0.115974,0.146105,-0.053568,0.304280,0.118136,-0.127412,-0.203278,0.192326,-0.018170,-0.294909,0.047413,-0.312478,-0.166456,-0.174906,-0.374370,-0.213250,-0.162196,0.029726,-0.093474,-0.258836,0.210794,-0.230756,-0.113486,-0.149356,0.251941,0.124834,-0.179610,-0.422210,0.554888,-0.577290,-0.614970,-0.115937,-0.178042,0.010589,-0.405665,-0.157988,-0.015634,0.096905,0.118049,0.088068,-0.107057,0.376843,0.451553,0.061725,-0.226898,0.181572,-0.318844,-0.127273,-0.481938,0.313003,-0.151790,-0.826126,-0.273653,0.407730,0.033045,0.502221,0.620680,0.355307,0.658963,0.225632,0.152492,0.476943,0.424382,0.198957,-0.103849,-0.341858,-0.256812,-0.167186,-0.355057,0.457153,0.000000,0.165513,0.229503,0.038612,0.035929,-0.721389,-0.154660,-0.446772,-0.085010,-0.287272,0.169591,-0.017495,0.312260,0.335441,0.287862,-0.763385,-0.092938,-0.334425,0.009192,-0.103678,-0.196435,0.092007,0.057175,0.091987,-0.064308,-0.176895,0.117352,-0.462612,0.072083,0.070564,-0.031886,-0.384659,0.303825,-0.316759,0.015319,-0.147310,-0.173021,0.118699,0.064056,-0.336709,-0.445167,0.181071,-0.573575,-0.187971,0.055890,0.043218,0.216402,-0.390874,-0.010891,-0.212236,-0.122061,-0.308393,-0.334465,0.291771,-0.113575,0.026634,0.558442,-0.066819,0.257614,0.017337,0.232176,-0.576354,-0.434825,-0.022043,-0.116136,-0.255257,0.038100,0.453676,0.520476,-0.075119,0.557741,0.675403,0.393092,-0.345311,0.162676,0.078698,-0.271775,0.185980,0.189996,0.303640,0.159049,0.093728,0.290702,0.102836,0.356008,0.293226,0.160932,0.313384,-0.115861,0.182902,0.671227,0.357608,0.142394,0.724582,0.278182,0.078890,0.344925,0.156605,0.216366,0.445381,0.326212,-0.578177,-0.464474,-0.100711,0.317662,-0.279046,-0.182188,-0.207019,-0.112186,-0.404855,-0.050453,-0.101910,0.325866,0.141175,-0.042071,0.049319,-0.094296,0.072610,0.060044,-0.045397,-0.725900,0.071185,0.009813,-0.080869,0.045525,-0.047551,0.024993,0.300794,-0.298133,0.385809,0.048702,-0.043332,-0.154211,0.023074,0.096185,-0.188061,-0.192199,-0.053019,0.151042,0.190553,-0.168429,0.045299,-0.073827
0.275476,0.396266,0.004282,-0.095131,-0.602091,-0.305353,-0.175571,0.405921,0.060597,-0.228841,0.248091,-0.018439,0.671387,-0.217519,0.706566,0.351708,-0.105282,-0.190133,-0.222030,-0.345878,-0.039853,0.003532,-0.177879,-0.120288,0.073120,-0.080623,0.187344,-0.158920,0.053670,-0.437014,-0.401243,0.370644,-0.455214,-0.302017,-0.138075,-0.005348,0.220146,0.168891,-0.236556,-0.201656,0.112542,-0.127834,0.076134,-0.135993,-0.132442,-0.044974,0.140273,0.248837,0.350722,0.112945,0.165910,-0.243215,0.215104,0.148304,0.275889,0.357010,-0.243252,0.217781,-0.012912,0.418825,0.144500,0.508219,0.351999,0.547757,0.402601,0.514092,0.316223,0.179747,0.178738,0.114328,0.441024,0.315696,-0.040133,-0.094983,0.090634,-0.064238,-0.007463,0.226429,0.336741,0.216554,0.090591,0.120024,0.271854,0.274281,0.113709,-0.168676,-0.129192,-0.078579,0.266402,0.100300,0.145473,0.192432,0.243201,0.171314,0.193633,-0.062772,0.129726,-0.127612,0.005579,0.044899,0.158674,0.213701,-0.009043,-0.185305,0.357309,0.001064,0.010967,0.384164,-0.015765,0.163757,0.461929,-0.111933,0.216897,0.135403,0.496429,0.005333,0.130115,0.060584,-0.070299,-0.257438,0.022061,0.165513,0.000000,-0.077896,-0.245799,0.030256,-0.281718,0.690691,0.036311,0.946377,0.111842,0.129917,0.067136,0.667028,0.379756,0.793341,0.092281,0.198408,0.322285,-0.481530,0.362126,-0.064026,-0.144170,-0.281830,-0.194911,-0.525137,-0.562838,-0.254219,-0.328667,-0.484749,-0.038338,-0.265643,0.170362,0.005592,-0.558341,-0.565195,-0.476603,-0.590670,-0.046223,-0.126918,-0.505229,-0.338504,-0.143129,-0.458315,-0.196738,-0.438147,-0.291049,0.150878,-0.577717,-0.312980,0.079533,-0.021195,0.014501,-0.283329,-0.002756,-0.698450,0.251889,0.238489,-0.483212,-0.282771,0.126340,0.299609,0.209633,0.444248,-0.191718,-0.098101,-0.146085,0.348545,0.280378,-0.373468,-0.325511,0.134395,-0.148838,-0.102901,-0.303704,-0.265485,-0.169345,-0.109997,-0.008119,-0.364867,-0.464430,-0.508476,0.269205,0.462596,-0.188906,-0.294524,0.446621,-0.276558,-0.315428,0.303533,0.387147,0.636454,-0.344563,0.015029,0.251247,0.238159,0.432767,0.108164,0.256220,0.406066,0.559313,0.137953,-0.001440,0.235064,0.278734,-0.110982,-0.077983,-0.476608,0.317667,0.017866,0.139596,-0.085211,-0.031428,0.030587,1.066008,0.120196,0.556107,0.687819,0.930805,0.533352,0.178808,-0.272205,-0.687105,0.088836,0.045751,0.182825,-0.060659,-0.208834,0.228979,0.332687,0.137570,0.050275,-0.286256,-0.038407,-0.473862,-0.366376,-0.366258,-0.692982,-0.705796,0.041855,-0.581601,-0.289328,-0.525479,-0.943412
-0.501123,-0.395062,-0.458115,-0.269782,-0.179629,0.416454,0.804986,-0.536407,0.468462,0.275478,0.317909,-0.671021,-0.378519,-0.002882,-0.066889,-0.158366,0.218809,0.462047,0.481833,0.340465,-0.054676,0.375941,0.261012,0.073480,0.053743,0.096338,0.229211,0.335898,-0.341620,0.083837,0.466633,0.003697,0.363775,0.028882,-0.041025,-0.160166,0.072270,0.211157,0.386511,0.330195,-0.002027,0.455810,0.147418,0.372862,0.332810,0.522469,-0.058612,-0.713157,-0.156252,0.234794,-0.111155,-0.545190,-0.094425,-0.360523,0.233169,-0.351185,-0.168548,-0.316002,0.210095,-0.527555,0.379396,-0.510105,0.141928,0.195371,0.244586,0.061849,0.122540,-0.268938,0.302870,0.498403,0.160336,-0.331647,0.458937,0.028934,0.675916,-0.594319,0.595943,-0.614610,-0.366777,0.464174,0.235317,0.115798,-0.028346,-0.733563,-0.222859,0.416480,0.794843,0.864798,0.690781,0.882348,0.615269,0.684851,1.086847,0.546006,1.013384,0.209628,0.691784,0.193172,0.162484,0.220973,0.594915,-0.170016,-0.235064,-0.125737,0.322682,-0.085239,0.785867,0.330307,-0.204211,-0.140288,0.019455,0.310538,0.445358,0.499436,-0.213386,0.411071,0.477645,-0.486746,-0.185672,0.657532,0.233002,0.229503,-0.077896,0.000000,1.014609,1.114659,0.216778,-0.223001,-0.016977,-0.170089,-0.189203,0.359715,0.698168,-0.279590,0.649581,-0.156380,-0.318480,-0.183184,0.122856,0.344522,-0.359849,-0.226962,0.238135,-0.055383,0.188718,0.403367,-0.024346,0.181173,-0.300774,0.102391,0.162169,0.298172,-0.360326,0.137469,0.013215,0.265153,-0.084024,0.069535,0.121126,0.531209,0.076551,-0.193713,0.503765,-0.037561,0.104873,0.523625,0.093054,-0.422519,-0.124499,0.325233,-0.859929,0.094556,-0.745220,0.069487,-0.346863,0.349141,-0.529516,0.000802,0.022732,-0.513470,0.081041,-0.210277,-0.539717,-0.423859,0.551105,-0.513054,-0.155198,-0.281542,-0.495859,0.026072,0.035439,-0.066513,0.430998,0.313687,0.023557,0.095026,-0.605229,-0.018789,-0.144826,-0.203712,-0.112418,0.287425,-0.529962,-0.425440,-0.202905,-0.407405,-0.490881,-0.398866,-0.448827,-0.633900,-0.138155,0.039220,0.147337,-0.271092,-0.323289,-0.022093,-0.099501,-0.003408,-0.219214,-0.316746,-0.089907,0.922681,0.156632,0.032286,0.385979,0.250848,-0.161648,-0.325645,-0.063339,0.032771,0.108011,-0.334032,-0.064170,0.208910,-0.305287,-0.168129,0.103895,-0.316287,-0.409672,-0.321805,-0.538122,-0.366192,-0.063440,0.287773,0.136036,-0.207925,-0.246666,0.556117,0.033771,-0.146873,-0.132426,-0.469064,0.331916,0.401943,0.038321,-0.078836,-0.217622,0.106464,0.146784,-0.055006,0.286702,-0.324948,0.227075,-0.087521
-0.594527,-0.574767,-0.741090,-0.016326,0.087928,0.294327,1.055548,-0.386440,0.342953,0.012946,-0.031354,-0.806543,-0.418893,0.150969,-0.386949,-0.369723,0.313327,0.385331,0.537461,0.264719,-0.102015,0.294833,0.158241,-0.096495,-0.033731,-0.035634,0.103523,0.315316,-0.329610,0.169699,0.607153,-0.125879,0.285460,-0.024388,-0.077561,-0.258548,-0.090315,0.137164,0.478224,0.350494,-0.120177,0.491885,0.130744,0.503541,0.514812,0.648798,-0.178020,-0.640657,-0.289114,0.136052,-0.212307,-0.412603,-0.183690,-0.490257,0.011058,-0.435194,0.047278,-0.281561,-0.097968,-0.799004,0.182807,-0.616961,0.070681,-0.045114,0.107359,-0.097435,-0.002523,-0.346387,0.064020,0.514363,0.104887,-0.541169,0.406171,0.043677,0.779255,-0.623657,0.261413,-0.523087,-0.290943,0.345195,0.302476,0.119893,-0.039496,-0.619030,-0.370495,0.400334,0.586034,0.634784,0.486181,0.522016,0.170825,0.432410,0.818808,0.422698,0.692037,0.214938,0.473328,0.152277,0.047111,0.222193,0.355725,-0.200169,-0.182045,-0.223130,0.021872,0.017750,0.517545,0.036845,-0.420317,-0.428953,-0.369112,0.352625,0.154857,0.369835,-0.397122,0.351807,0.482247,-0.265673,-0.075694,0.837056,0.067864,0.038612,-0.245799,1.014609,0.000000,0.654575,0.270983,-0.375423,0.106067,-0.340045,-0.164922,0.221481,0.553779,-0.285119,0.515001,-0.077055,-0.163991,-0.420601,-0.024262,0.492326,-0.184983,0.028490,0.328887,0.154257,0.243291,0.586244,0.248897,0.169546,0.150828,0.330963,0.348467,0.327328,-0.311704,0.068528,0.351630,0.412580,0.194777,0.420883,0.094506,0.431380,0.228443,0.136142,0.424794,0.372379,0.406316,0.664440,0.133015,-0.256577,0.177028,0.459050,-0.543397,0.508110,-0.431850,0.264439,-0.097364,0.420325,-0.402838,-0.151795,0.356073,-0.353725,-0.089911,-0.479213,-0.528441,-0.396581,0.461787,-0.187550,-0.078920,-0.398721,-0.704264,0.180694,0.166544,-0.041724,0.462510,0.454245,0.229274,0.171913,-0.409208,0.165234,0.018349,0.010039,0.059089,0.336728,-0.557559,-0.469400,-0.002304,-0.242583,-0.548430,-0.271308,-0.466027,-0.634618,-0.608889,-0.252371,0.129150,-0.144159,-0.387486,-0.265535,-0.338916,0.085208,-0.350092,-0.490813,-0.104071,0.677752,0.309922,-0.015810,0.355920,0.160094,-0.366114,-0.079732,-0.269697,0.122202,0.165943,-0.128404,0.032487,0.437078,-0.384271,-0.378317,-0.062979,-0.519976,-0.386578,-0.528559,-0.581581,-0.198481,0.271673,0.349023,0.220215,-0.088986,-0.416368,0.539468,-0.167976,-0.307586,-0.156513,-0.418881,0.452937,0.475903,0.181352,0.128857,0.141971,0.344548,0.253574,0.116133,0.336505,0.050974,0.558510,0.135088
-0.441980,-0.360110,-0.278671,-0.279417,-0.325345,0.460505,0.681209,-0.258379,0.673090,0.283946,0.484691,-0.686466,-0.419752,-0.221495,0.133088,0.105197,0.421966,0.416956,0.425497,0.290254,0.114539,0.622090,0.289124,0.354280,0.195825,0.294988,0.491893,0.340015,-0.055915,0.016185,0.499699,-0.021033,0.228686,0.073901,0.065407,0.061509,0.350895,0.240085,0.492884,0.371474,0.289409,0.524660,0.390931,0.447162,0.400858,0.636598,0.049827,-0.685993,0.026949,0.170472,0.030569,-0.499502,-0.018516,-0.131754,0.177999,-0.396558,-0.245188,-0.211405,0.206107,-0.337848,0.579584,-0.461271,0.184868,0.467835,0.395236,0.202206,0.142161,-0.234873,0.406661,0.527561,0.277194,-0.335540,0.499257,-0.168659,0.872994,-0.646966,0.939727,-0.698893,-0.462378,0.382697,0.321380,0.220649,0.208241,-0.616016,0.084552,0.402174,0.803008,0.895081,0.791778,1.045185,0.766668,0.891145,0.807599,0.429760,1.195492,0.197509,0.750850,0.050478,0.124208,0.347428,0.668817,-0.313042,-0.217786,-0.289021,0.346753,-0.098674,0.661076,0.285234,-0.177920,-0.197562,-0.048790,0.080718,0.392476,0.340703,-0.345055,0.503954,0.557662,-0.568581,-0.040493,0.518071,-0.073735,0.035929,0.030256,1.114659,0.654575,0.000000,0.346871,-0.055891,-0.115192,0.068529,-0.367769,0.586553,0.710263,-0.446945,0.793227,-0.277577,-0.316579,-0.330244,0.144639,0.278522,-0.425358,-0.283063,0.143365,-0.334635,0.093294,0.276869,-0.252958,0.060816,-0.158197,0.004904,-0.000994,0.270269,-0.367606,0.013383,0.054572,0.009165,-0.227171,0.008595,0.010143,0.456514,-0.036207,-0.041783,0.498492,-0.099503,0.092838,0.372163,-0.001576,-0.469569,-0.238229,0.196757,-0.604846,-0.036200,-0.529153,-0.104418,-0.428978,0.381277,-0.596138,-0.102794,0.088548,-0.696982,0.411472,-0.147510,-0.087034,-0.327532,0.739657,-0.385365,-0.360833,-0.158717,-0.373361,-0.092946,-0.022260,-0.058224,0.342292,0.347961,0.071383,-0.049217,-0.781285,0.059459,-0.082457,-0.326450,-0.406456,0.142019,-0.528576,-0.518260,-0.364783,-0.583257,-0.632900,-0.466486,-0.477922,-0.481696,-0.009791,0.008530,-0.020966,-0.371183,-0.467991,-0.118156,0.121865,-0.279430,-0.501838,-0.250204,-0.222451,0.620009,0.047364,0.180228,0.381722,0.141706,-0.147879,-0.444516,0.050367,0.037719,0.136296,-0.339627,-0.344604,0.141448,-0.154028,-0.240702,0.169551,-0.240002,-0.401582,-0.374537,-0.607541,-0.320819,-0.028678,0.354472,0.065388,-0.136536,-0.182159,0.623697,-0.204808,-0.113599,-0.168723,-0.662536,0.189789,0.494337,0.070466,-0.226195,-0.544483,0.036159,-0.095728,-0.146977,0.145972,-0.521199,0.074283,-0.105464
-0.315288,-0.557593,-0.276721,-0.073463,-0.146382,0.514604,0.175290,0.133491,0.743514,-0.137674,-0.110273,-0.245555,-0.585623,-0.306460,-0.041709,-0.052429,0.690527,0.598395,0.569245,0.281842,0.242894,0.491008,0.365274,0.357961,0.222931,0.359019,0.553010,0.590598,-0.149158,0.360633,0.759859,-0.202843,0.335088,0.247767,0.311337,-0.005796,0.250341,0.190271,0.917721,0.601903,0.203412,0.624407,0.393034,0.588195,0.456299,0.608593,-0.072213,-0.631171,-0.287057,-0.427592,-0.473553,-0.233521,-0.399859,-0.219280,-0.385608,-0.494502,-0.106100,-0.208918,-0.008075,-0.399733,0.544344,-0.558182,0.389315,0.386936,0.401218,0.381403,0.396926,0.050277,0.248644,0.509772,0.279760,-0.697864,0.739582,-0.223696,0.522879,-0.467687,0.296472,-0.277130,0.060902,-0.623185,0.648809,0.816000,0.184577,-0.115535,0.156793,1.072235,0.772740,0.634594,0.468449,0.426451,0.461478,0.579491,-0.082728,-0.012123,0.350465,0.756167,0.375589,0.768029,0.475449,0.972753,0.224952,0.189187,0.468992,0.336793,-0.107616,0.019411,0.045560,-0.290022,-0.241273,-0.569184,-0.102630,0.206300,-0.059206,0.078868,-0.666231,0.815715,0.863612,0.064636,0.206651,0.840252,-0.227696,-0.721389,-0.281718,0.216778,0.270983,0.346871,0.000000,0.114298,0.405159,0.000593,0.314431,0.266459,0.638470,-0.382297,0.149098,-0.522677,0.611359,-0.056862,0.315784,0.045474,-0.372276,-0.291190,-0.291628,-0.404462,-0.245987,0.070807,-0.136586,-0.250418,0.156400,-0.292888,-0.285058,-0.064711,0.009723,-0.298424,0.208463,-0.025281,-0.138115,0.042624,-0.274936,-0.123682,0.143838,0.222303,-0.105515,0.438089,0.106518,0.050980,-0.167210,-0.559119,0.109684,-0.074495,-0.282552,-0.003541,-0.105650,0.669248,-0.467338,0.330530,-0.285901,-0.656175,-0.059209,-0.450343,0.351871,-0.435006,0.387001,0.048903,0.785888,-0.277113,0.269172,-0.552833,-0.797246,-0.304622,0.076115,-0.275058,-0.373349,-0.136260,0.581923,0.301497,-0.210135,0.306157,-0.225218,-0.063590,-0.205313,0.236786,-0.735369,-0.642391,-0.516836,-0.505795,-0.869208,-0.387547,-0.465533,-0.260793,-0.217381,-0.656887,-0.196537,-0.098036,-1.115164,-0.587006,-0.095062,-0.262415,-0.478369,-0.723690,-0.279823,-0.149998,0.438090,0.276903,-0.137519,-0.134053,0.177633,0.037947,0.169029,0.234991,0.432572,-0.376462,-0.189577,-0.201938,-0.444751,0.146801,0.110847,-0.195305,-0.417935,-0.456780,-0.482730,0.514900,0.143775,0.112484,0.175800,-0.039234,-0.211774,0.457757,-0.077411,0.259671,-0.794425,-0.674143,-0.063739,0.425403,0.031236,-0.477445,-0.053891,0.172658,-0.006324,-0.562759,0.100684,-0.241049,-0.111838,0.011856
0.251195,0.120245,0.318979,-0.357005,-0.809981,-0.009789,-0.181905,0.333601,0.426214,0.032555,0.097351,0.242658,0.146083,-0.384004,0.870384,0.286983,0.056583,0.222810,0.025348,-0.130650,0.072181,0.113279,-0.021990,0.165128,0.156312,0.113911,0.514409,0.103433,-0.007490,-0.217523,-0.188472,0.559681,-0.316490,-0.175674,0.187616,0.019188,0.297947,0.229701,0.054798,0.054769,0.245627,0.013363,0.326484,-0.036394,-0.099923,-0.035702,0.299913,0.184378,0.162888,-0.309718,-0.153472,-0.123826,0.131539,0.223413,0.320794,0.248930,-0.029102,0.216694,0.044503,0.515214,0.320388,0.229089,0.496177,0.733303,0.651510,0.878214,0.438874,0.446811,0.326332,0.292662,0.620506,0.210570,0.400804,-0.142592,0.268008,0.033176,0.024318,0.121067,0.342364,-0.316151,0.357185,0.709611,0.474649,0.178020,0.285033,0.241529,0.157644,0.109821,0.406256,0.178670,0.309415,0.460582,0.030167,-0.214203,0.270433,0.420292,0.324232,0.232483,0.469761,0.285693,0.249006,0.545915,0.427921,0.241879,0.544899,-0.130900,-0.102457,0.330430,0.178991,0.146898,0.642507,-0.203783,0.289901,-0.105510,0.166065,0.418308,0.419749,-0.020811,0.061724,-0.049738,0.138046,-0.154660,0.690691,-0.223001,-0.375423,-0.055891,0.114298,0.000000,0.377597,0.771155,0.393720,0.248690,0.286572,0.429469,0.154508,0.303030,0.324925,0.190304,0.711246,-0.122189,0.295417,-0.125848,-0.375990,-0.370487,-0.417359,-0.632713,-0.530002,-0.321021,-0.254196,-0.549785,-0.311047,-0.364408,0.578778,0.174535,-0.452785,-0.550018,-0.474036,-0.635501,-0.135203,-0.194993,-0.300344,-0.258886,-0.390305,0.019983,-0.101349,-0.647202,-0.438281,0.090619,-0.397196,-0.350880,0.009639,0.002605,0.067056,-0.058658,-0.306961,-0.923811,-0.085454,-0.260326,-0.592410,-0.514060,0.289711,0.296560,0.388256,0.372431,-0.125212,-0.225364,0.160378,0.019838,0.122284,-0.872157,-0.750875,-0.211731,-0.739574,-0.586912,-0.357590,-0.100377,-0.220294,-0.396192,-0.324201,-0.626062,-0.886660,-0.724904,-0.014505,0.033611,-0.394127,-0.628623,0.190783,-0.594077,-0.476830,0.459163,0.541606,0.322914,-0.450074,-0.095063,-0.033801,0.053783,0.404685,-0.161847,0.174135,0.143236,0.325850,-0.109880,0.215445,0.487490,0.182499,-0.307746,0.235382,-0.194250,0.890619,0.237715,0.506872,-0.232605,0.220982,-0.240368,0.477345,0.282881,0.693200,0.613505,0.582693,0.329524,0.100476,0.065383,-0.518509,-0.230686,-0.015275,-0.114198,0.134414,-0.039035,0.288332,0.742594,-0.390447,0.021362,-0.409937,0.316976,-0.576001,-0.555122,-0.104096,-0.850854,-0.696656,-0.393361,-0.951331,-0.429321,-0.604999,-0.935098
0.370094,0.141159,-0.021898,-0.378806,-0.240481,-0.044386,-0.110016,-0.094857,0.376505,-0.113082,-0.174203,0.135129,-0.260053,-0.118174,0.177280,-0.172495,0.369566,0.538083,0.481855,-0.111805,0.185529,0.417884,0.237545,-0.153309,0.004817,0.267707,0.356897,0.626447,-0.232373,-0.157954,0.349278,0.256170,-0.066615,0.097788,0.308645,-0.079688,0.157088,0.274455,0.554975,0.561491,0.123644,0.367846,0.215642,0.382542,0.317171,0.413547,-0.177154,-0.244051,-0.345844,-0.526788,-0.276064,-0.172303,-0.282179,-0.208860,-0.074448,-0.151327,0.104043,-0.099017,-0.482002,-0.310983,0.010703,-0.250639,0.064373,0.034190,0.147562,0.203899,0.556793,-0.006661,-0.012909,0.274570,0.132482,-0.291474,0.316927,0.118960,0.226542,-0.136479,-0.418067,0.227132,0.674762,-0.601102,0.520563,0.919449,0.120578,-0.071215,0.000550,0.733177,0.471689,0.418784,0.329918,0.225258,0.134341,0.386716,-0.108248,-0.207097,0.156722,0.890846,0.293691,0.783831,0.948613,0.730164,0.309932,0.789307,1.001988,0.552019,0.203015,0.057388,-0.007164,0.063583,-0.112372,-0.245537,0.448184,0.207895,-0.062533,-0.207963,0.048379,0.286032,0.762091,-0.059561,-0.079389,0.553302,0.438611,-0.446772,0.036311,-0.016977,0.106067,-0.115192,0.405159,0.377597,0.000000,0.258106,0.777656,0.114375,0.409622,0.044020,-0.065408,0.113928,0.741368,0.025889,1.048093,0.065974,0.329549,-0.106666,-0.370590,-0.281493,-0.487188,-0.212278,-0.187991,-0.402822,-0.197535,-0.483630,-0.409379,-0.362064,0.287292,-0.099216,-0.267008,-0.298335,-0.277395,-0.214955,-0.530500,-0.419587,-0.072320,-0.271197,-0.533623,0.386445,-0.271316,-0.416791,-0.556023,0.162661,-0.155647,-0.309365,0.083585,0.077108,0.130653,0.332652,-0.251635,-0.337255,0.016151,-0.556416,-0.257492,-0.356130,-0.110378,-0.234174,0.002674,0.399839,0.009363,-0.202462,0.625141,-0.396337,-0.388676,-0.732556,-0.341062,-0.592348,-0.757270,-0.596116,0.108913,-0.090717,-0.281031,-0.105121,-0.586310,-0.341410,-0.302133,-0.378847,-0.389960,-0.100953,-0.229372,-0.527894,-0.215346,-0.560392,-0.669621,0.054240,-0.198980,-0.158555,-0.576532,-0.415135,-0.529772,-0.532365,-0.281554,-0.287864,-0.002784,-0.541442,-0.059139,-0.009319,0.643247,0.449448,0.069118,-0.189142,0.459905,0.044557,0.171601,0.257515,0.272898,0.005011,0.479334,-0.243758,-0.077577,0.076754,-0.008357,0.072837,0.118626,-0.135835,0.100635,0.607354,0.012778,-0.299145,0.030545,-0.292413,-0.237176,-0.068458,0.455903,0.448914,-0.682491,-0.177360,-0.084651,-0.013193,-0.135854,-0.481989,0.223085,-0.214155,-0.211866,-0.559528,-0.473141,-0.118232,-0.395599,-0.348268
0.553213,0.504495,0.274652,-0.178543,-0.519635,-0.153826,-0.349691,0.440851,0.125741,-0.264507,0.177103,0.184965,0.423504,-0.399402,0.586807,0.171199,0.120715,-0.016792,-0.104309,-0.398221,-0.006177,0.291318,-0.084447,-0.093167,-0.079534,0.062767,0.321794,0.004775,-0.084622,-0.553216,-0.178817,0.152322,-0.465584,-0.252578,0.077217,0.001857,0.278214,0.125699,0.009786,-0.032893,0.052624,0.065064,0.185243,-0.001262,0.017087,0.133033,-0.085724,0.054163,0.012093,-0.137922,0.056810,-0.320171,-0.176488,-0.132012,-0.010070,-0.007229,-0.346077,0.037356,-0.156778,0.230106,0.221104,0.231757,0.232337,0.494651,0.225993,0.403459,0.229776,-0.031337,-0.011653,0.074617,0.192164,-0.064839,0.054814,-0.167895,0.163251,0.007165,-0.013917,0.246561,0.528803,-0.061747,0.302120,0.427734,0.209976,0.265714,0.288385,0.138149,0.006739,0.040753,0.366830,0.175768,0.327675,0.257254,0.069328,-0.062822,0.174157,0.336659,0.122546,0.123681,0.314106,0.389530,0.290913,0.405577,0.287197,-0.001021,0.283027,0.152222,-0.100371,0.233027,0.040082,0.066230,0.446947,-0.149271,0.017284,-0.178060,0.267353,0.060251,0.334695,0.048999,0.057356,-0.249195,0.058024,-0.085010,0.946377,-0.170089,-0.340045,0.068529,0.000593,0.771155,0.258106,0.000000,0.174327,0.229277,0.171911,0.493926,0.347681,0.494991,0.358028,0.052167,0.635913,-0.518415,0.330197,-0.207164,-0.329245,-0.554997,-0.439627,-0.673051,-0.662386,-0.374192,-0.246546,-0.618500,-0.434384,-0.424205,0.161441,-0.152680,-0.540471,-0.907458,-0.536156,-0.659176,-0.295588,-0.341116,-0.519515,-0.290099,-0.347405,-0.320766,-0.290434,-0.680865,-0.478735,0.270177,-0.486313,-0.538319,0.344392,-0.206992,0.332445,-0.139673,0.024000,-0.654941,0.323756,0.099759,-0.334211,-0.274111,0.324403,0.329417,0.586938,0.607353,0.026964,0.040817,-0.013595,0.308699,0.207074,-0.532612,-0.461275,-0.051836,-0.330850,-0.175759,-0.121701,-0.153366,-0.080112,-0.039715,-0.226405,-0.326930,-0.601498,-0.534126,-0.010399,0.459694,-0.316551,-0.303671,0.237369,-0.226883,-0.250647,0.420460,0.307661,0.222360,-0.622335,-0.145337,-0.077051,-0.156608,0.283613,-0.185266,0.014081,0.154057,0.295193,-0.091739,0.184475,0.434386,0.069708,-0.184674,0.004218,-0.177904,0.192320,-0.140985,-0.021163,-0.293099,-0.138861,-0.178064,1.054519,-0.062833,0.221321,0.413715,0.784326,0.183600,0.151249,0.123729,-0.440556,-0.183090,-0.027123,0.003025,0.070184,-0.261141,0.374424,0.435691,0.031504,-0.053340,-0.201729,-0.046751,-0.439511,-0.422667,-0.436923,-0.645788,-0.790740,-0.146192,-0.703198,-0.384555,-0.531706,-0.744727
0.364484,0.221566,-0.079965,-0.202212,-0.198880,-0.054986,-0.250150,0.162040,0.176311,-0.116064,-0.112895,0.173911,-0.082632,-0.099163,0.144703,-0.100084,0.209543,0.292697,0.284131,-0.251965,0.024121,0.137854,0.013930,-0.226057,-0.048927,0.014047,0.133207,0.362576,-0.260550,-0.065991,0.177748,0.183298,-0.214240,0.022829,0.272668,-0.168719,-0.048596,0.214141,0.266666,0.269313,0.005470,0.167609,0.149355,0.230102,0.091295,0.155002,-0.003504,-0.110829,-0.240867,-0.247597,-0.379590,-0.141174,-0.217104,-0.127737,-0.188080,0.034162,0.131724,0.092782,-0.101902,0.029251,0.023583,-0.164509,0.395937,0.068430,0.135279,0.359031,0.404674,0.116830,-0.111549,0.209596,0.350282,-0.169055,0.170213,-0.154105,-0.136195,0.020341,-0.238716,0.161483,0.530113,-0.658268,0.251256,0.505122,0.053485,0.229892,-0.202269,0.466551,0.219675,0.061685,0.076724,-0.016283,-0.038328,0.103967,-0.299868,-0.255178,-0.084250,0.605751,0.087460,0.848534,0.660676,0.407762,0.015475,0.782687,0.648958,0.611952,-0.062534,0.224652,-0.084049,-0.085960,-0.001316,-0.035523,0.409070,0.310655,-0.042175,0.007105,0.046253,0.223048,0.426244,0.258581,-0.071942,0.311398,0.306958,-0.287272,0.111842,-0.189203,-0.164922,-0.367769,0.314431,0.393720,0.777656,0.174327,0.000000,-0.221835,0.152145,0.090965,-0.133458,-0.012313,0.798444,0.352295,0.514394,-0.192711,0.296163,-0.105139,-0.583842,-0.360215,-0.462643,-0.363324,-0.212040,-0.475444,-0.193669,-0.503472,-0.312749,-0.472269,0.174476,-0.268917,-0.292361,-0.254357,-0.272874,-0.256761,-0.301815,-0.543654,-0.148849,-0.169435,-0.657111,0.052873,-0.258212,-0.391180,-0.440752,0.074058,-0.167000,-0.400649,0.083823,0.029830,0.083934,0.610767,-0.328822,-0.432842,0.192776,-0.215840,-0.581864,-0.094278,-0.088195,-0.159777,0.008979,0.325985,-0.088530,-0.481291,0.935762,-0.339206,-0.284241,-0.525126,-0.399045,-0.337719,-0.650293,-0.749315,0.119454,0.138409,0.058289,-0.028286,-0.648004,-0.129128,-0.160076,-0.064469,-0.249078,0.049200,-0.389344,-0.225439,-0.048642,-0.279386,-0.258801,-0.054656,-0.069423,-0.125746,-0.283683,0.009380,-0.238955,-0.228621,0.035857,-0.217038,0.042074,-0.293803,0.002101,-0.209581,0.411620,0.171873,-0.055402,-0.181138,0.388927,-0.082704,0.349920,0.443243,0.370073,-0.121024,0.399844,-0.400383,-0.144820,0.240963,0.204560,0.099476,0.066044,-0.059368,0.052082,0.467365,-0.299088,-0.245009,0.016696,0.081706,-0.258101,-0.208511,0.636091,0.590743,-0.548359,-0.186612,-0.390901,-0.172270,-0.259470,-0.524985,0.120571,-0.246363,-0.358522,-0.525459,-0.299359,-0.222612,-0.397115,-0.470278
-0.030328,-0.182994,0.261590,-0.410392,-0.386692,0.507702,0.393076,-0.271766,0.696222,0.277953,0.300983,-0.161960,-0.488210,-0.554240,0.223053,0.314131,0.471812,0.404686,0.362511,0.259380,0.441575,0.555098,0.323986,0.375070,0.566806,0.518421,0.614025,0.306438,0.048321,0.047531,0.354265,0.284831,0.034090,0.216734,0.309422,0.412862,0.528194,0.580906,0.398022,0.465617,0.532986,0.457527,0.709020,0.451052,0.445412,0.541611,-0.047422,-0.433408,0.220208,-0.433304,0.261324,-0.264378,0.005910,0.096450,0.146685,-0.270090,-0.375235,-0.379509,-0.262989,-0.220416,0.150846,-0.369097,-0.030117,0.565133,0.510713,0.186042,0.388251,-0.101278,0.506503,0.601750,0.163502,-0.176174,0.357491,-0.183301,0.627555,-0.166088,0.379310,-0.427747,-0.301888,0.071159,0.143947,0.430418,0.657135,-0.521221,0.750794,0.380342,0.585185,0.788198,0.866238,0.873210,0.672261,0.812805,0.372883,0.319754,0.687192,0.449748,0.907483,-0.046648,0.431599,0.287806,1.087424,0.204673,-0.122113,-0.227401,0.941830,-0.286950,0.624565,0.782665,0.242683,0.185381,0.314743,-0.119928,0.668961,0.111186,-0.321602,0.603410,0.550535,-0.638102,0.392434,0.321192,0.101967,0.169591,0.129917,0.359715,0.221481,0.586553,0.266459,0.248690,0.114375,0.229277,-0.221835,0.000000,0.775359,0.040056,0.691423,0.129873,-0.244416,-0.636826,0.325911,0.355721,-0.164037,-0.288598,0.017889,-0.383328,-0.209717,-0.060056,-0.511980,-0.099692,-0.259705,-0.252014,-0.320603,-0.106268,0.011429,0.282591,-0.225764,-0.347791,-0.477769,-0.261332,-0.224132,-0.010692,-0.367511,-0.275862,0.049182,0.132371,-0.045382,-0.084953,-0.294785,0.049724,-0.451123,-0.103187,-0.289215,-0.058786,-0.226235,-0.315380,-0.109830,0.075305,-0.542978,-0.485921,0.070404,-0.585259,0.447695,0.032272,0.050616,-0.291091,0.401655,-0.051994,-0.335807,-0.357628,-0.137934,-0.137699,-0.078863,0.149398,0.060768,0.330748,-0.069024,0.053992,-0.605079,-0.196114,0.194791,-0.226728,-0.491393,-0.263262,-0.433756,-0.445383,-0.417546,-0.606924,-0.460881,-0.703393,-0.578433,-0.029173,0.207905,0.182956,-0.404468,-0.584798,-0.229458,-0.355428,-0.013988,-0.189898,-0.480695,-0.429221,0.172994,0.125090,-0.245707,0.120273,0.000092,-0.309501,-0.072927,-0.283381,0.184393,0.085379,0.155088,-0.166560,-0.292169,0.004802,0.098283,-0.058939,0.277577,-0.090761,-0.106392,-0.252223,-0.460119,-0.296365,0.249332,0.191545,-0.058326,-0.208345,-0.241758,0.610009,-0.061029,0.051750,-0.397109,-0.507398,-0.182536,0.528230,0.170664,-0.349652,-0.330781,-0.256756,-0.161211,-0.266099,-0.234856,-0.504480,-0.262321,-0.159876
-0.277626,-0.333446,-0.102598,-0.579746,-0.517627,0.831988,0.409240,-0.269836,1.306944,0.180559,0.316126,-0.501404,-0.722379,-0.640906,0.126202,0.091012,0.692210,1.029771,1.009014,0.404413,0.377149,0.720815,0.651772,0.344747,0.487060,0.545451,0.927669,0.744686,-0.286402,0.168594,0.812421,0.220656,0.361155,0.255903,0.424693,0.138353,0.556075,0.686588,0.942246,0.830616,0.375934,1.003638,0.769730,0.920909,0.856048,1.023416,-0.243603,-0.989054,-0.065829,-0.363562,-0.071016,-0.842310,-0.268586,-0.221778,0.002669,-0.691762,-0.479588,-0.612101,-0.030097,-0.561745,0.440173,-0.827314,0.342223,0.638103,0.705360,0.420305,0.722140,-0.196694,0.527830,1.001888,0.323747,-0.514188,0.961733,-0.317080,0.832792,-0.338316,0.475355,-0.672012,-0.277698,-0.193579,0.519398,0.657374,0.331058,-0.531372,0.084340,1.027031,1.516997,1.570274,1.443413,1.310119,1.078316,1.534897,0.505852,0.590818,1.130433,0.812844,1.421176,0.515263,0.773355,0.663245,0.917750,0.284322,0.023022,0.105017,0.611836,-0.208007,0.872923,0.519800,0.135389,0.019599,0.324985,0.133071,0.706971,0.458050,-0.552542,1.158076,1.061014,-0.404933,0.155562,0.922998,0.248001,-0.017495,0.067136,0.698168,0.553779,0.710263,0.638470,0.286572,0.409622,0.171911,0.152145,0.775359,0.000000,0.003501,0.680569,-0.054151,0.044856,-0.371899,0.467060,0.339183,-0.271991,-0.616565,-0.213845,-0.524342,-0.428029,-0.068594,-0.504055,-0.341849,-0.319999,-0.383044,-0.331792,-0.228909,-0.043158,0.203807,-0.139242,-0.149833,-0.482120,-0.298435,-0.375917,-0.074098,-0.130871,-0.323844,-0.087822,0.179492,-0.149178,-0.023071,-0.467281,-0.363353,-0.340600,-0.152501,-0.678148,-0.132668,-0.359450,0.212157,-0.586522,0.057258,-0.635582,-0.607376,-0.139951,-0.634016,0.484425,-0.109684,-0.112453,-0.397005,0.691086,-0.656032,0.032895,-0.800879,-0.671903,-0.353292,-0.079019,0.008563,-0.062491,0.096980,0.178636,0.209093,-0.557063,-0.083582,-0.105543,-0.238980,-0.433825,0.003391,-0.924532,-0.692808,-0.767949,-0.853438,-0.913354,-1.055963,-0.962662,-0.522924,0.029171,0.001109,-0.314327,-0.372333,-0.564498,-0.554755,-0.053608,-0.058766,-0.597086,-0.870386,0.282647,0.311113,0.265693,0.199121,0.102081,-0.076927,0.087513,-0.315368,0.234638,0.358267,0.297939,-0.550582,-0.152685,-0.211451,-0.236176,0.017878,0.427479,-0.332933,-0.307846,-0.518232,-0.878137,-0.173172,-0.017777,-0.077642,-0.028419,-0.263221,-0.486949,0.633525,0.173042,0.325123,-0.836568,-0.858100,-0.251622,0.553835,0.047760,-0.735276,-0.193300,-0.338939,-0.105589,-0.588528,-0.005340,-0.777372,-0.320823,-0.338297
0.401520,0.398756,0.157521,-0.021345,-0.212004,-0.065066,-0.261877,0.285728,-0.110016,-0.408880,0.069111,0.199440,0.471871,-0.170435,0.150402,0.121930,-0.282312,-0.213741,-0.299185,-0.272877,-0.024626,-0.344453,-0.196079,-0.319098,0.073152,-0.119662,-0.032563,-0.266918,-0.165220,-0.163767,-0.456981,0.243375,-0.240492,-0.306038,-0.135334,0.000015,0.000645,0.052605,-0.402921,-0.374484,-0.240964,-0.306799,-0.090472,-0.307267,-0.216938,-0.235168,-0.313923,0.357418,0.171486,-0.199367,-0.054708,-0.162740,0.047607,0.028862,-0.041842,0.165444,-0.353593,-0.176305,-0.165152,0.256807,-0.201040,0.295051,0.099836,0.154028,0.125026,0.155299,0.232247,0.021272,-0.037586,-0.086924,0.023183,0.291984,-0.045617,-0.058167,-0.159724,0.309573,-0.291169,0.445483,0.296947,-0.020842,-0.069203,-0.023756,0.268848,0.297782,0.106795,-0.122395,-0.274859,-0.213132,0.066626,-0.103041,0.003356,-0.131242,-0.017849,0.251714,-0.167872,0.001433,-0.084055,-0.083706,0.007095,-0.193276,-0.049234,0.441387,-0.101741,0.019854,0.220151,0.011462,-0.059301,0.348610,0.209375,0.349197,0.332129,-0.035850,0.219703,0.183776,0.359327,-0.030283,-0.086761,0.269821,0.126864,-0.325443,0.250476,0.312260,0.667028,-0.279590,-0.285119,-0.446945,-0.382297,0.429469,0.044020,0.493926,0.090965,0.040056,0.003501,0.000000,0.131722,0.915832,0.094623,0.026678,0.105710,-0.360030,0.500065,-0.078524,-0.077566,0.008144,-0.243282,-0.563342,-0.268904,-0.173862,-0.284822,-0.362196,-0.061240,-0.423366,0.463486,0.193209,-0.546541,-0.370683,-0.263259,-0.535262,-0.048448,-0.326492,-0.372082,-0.435026,-0.362186,-0.120695,-0.287295,-0.537869,-0.241972,0.418544,-0.287198,-0.379810,0.232829,-0.047329,0.316838,-0.177126,0.286621,-0.723575,0.391388,0.116636,-0.254963,0.123201,0.081311,0.275027,0.157746,0.174475,-0.404248,0.126266,-0.144609,0.068959,0.353798,-0.008160,-0.085398,0.470889,-0.096178,0.043613,-0.172804,0.211079,0.397693,-0.107292,0.282713,0.172627,0.014866,-0.345072,0.292501,0.504967,-0.074941,0.104664,0.525037,-0.040140,-0.061149,0.319238,0.265061,0.396986,-0.352318,0.218683,0.470429,0.047059,-0.024413,0.643705,0.343582,0.163755,1.150947,-0.171083,-0.085576,-0.072608,-0.184561,-0.262136,-0.129543,-0.050040,0.086568,-0.239176,-0.086184,-0.055802,-0.075607,-0.069248,0.727877,0.046852,0.295404,0.251766,0.846484,0.289674,0.094821,-0.260542,-0.318375,-0.209452,-0.004887,-0.000874,-0.087413,-0.293223,0.369141,0.233070,0.147306,0.283099,-0.350430,-0.041446,-0.255278,-0.100059,0.116770,-0.575198,-0.203731,0.219107,-0.419492,-0.002792,-0.314653,-0.382394
-0.102470,-0.035689,-0.285439,-0.142943,-0.432785,0.365759,0.690763,-0.156564,0.556702,0.033220,0.481162,-0.631874,-0.172349,-0.396942,0.073863,-0.002954,0.431029,0.258052,0.319619,0.010227,0.027388,0.486405,0.114936,0.001959,0.171877,0.097710,0.411088,0.231198,-0.249681,-0.143873,0.339228,0.038678,-0.081640,-0.100578,0.010578,-0.026267,0.275580,0.359620,0.313243,0.254996,0.148027,0.437360,0.516227,0.413916,0.400233,0.608844,-0.148994,-0.628292,-0.032073,0.049276,-0.018643,-0.854922,-0.205237,-0.305686,0.042268,-0.334858,-0.324164,-0.353317,0.052594,-0.324288,0.420828,-0.449779,0.126306,0.505501,0.426136,0.224281,0.200351,-0.374187,0.212491,0.675260,0.346602,-0.386383,0.366778,-0.536855,0.746023,-0.452344,0.678284,-0.541269,-0.286042,0.397462,0.313071,0.217161,0.394978,-0.449798,0.063707,0.390165,0.495318,0.672596,0.965758,0.981843,0.587294,0.671798,0.982156,0.536179,0.966427,0.364628,0.674251,0.118165,0.219947,0.257676,0.841509,0.079301,-0.374196,-0.198310,0.430536,0.208776,0.669741,0.486658,-0.127313,-0.050725,0.031950,0.289501,0.552952,0.573155,-0.314737,0.489194,0.574956,-0.373044,-0.066701,0.298864,0.216133,0.335441,0.379756,0.649581,0.515001,0.793227,0.149098,0.154508,-0.065408,0.347681,-0.133458,0.691423,0.680569,0.131722,0.000000,0.151757,-0.213956,-0.353375,0.177765,0.070688,-0.019458,-0.370508,0.130549,-0.463374,-0.026260,-0.018773,-0.489151,-0.045789,-0.264203,-0.219267,-0.006565,0.024703,-0.354811,-0.043204,-0.239980,-0.230412,-0.413506,-0.165621,0.040525,0.148730,-0.379046,-0.191078,0.262187,-0.215396,-0.012340,0.116387,-0.127090,-0.049444,-0.493555,0.003825,-0.315961,0.075328,-0.226713,-0.020940,-0.229777,-0.013217,-0.271778,0.073632,-0.026823,-0.549898,0.562942,-0.055602,-0.062025,-0.258044,0.561987,-0.321143,-0.386521,-0.242678,-0.220285,0.077102,-0.171981,0.303216,0.442408,0.476052,0.131008,0.282140,-0.406294,0.083587,0.049384,-0.053202,-0.328069,0.082791,-0.550269,-0.179736,-0.521978,-0.492737,-0.359962,-0.434476,-0.531204,-0.377452,-0.005248,0.214769,-0.183010,-0.132694,-0.157126,-0.201198,0.092611,0.038677,-0.401176,-0.315235,0.171862,0.500413,-0.074753,0.120310,0.325803,0.057418,-0.428888,-0.651035,0.016231,-0.054475,0.067580,-0.259669,-0.411909,0.255166,0.176873,-0.383665,0.252341,-0.198443,-0.047212,-0.409685,-0.706238,-0.483250,-0.042129,0.359508,0.238501,0.015917,-0.378757,0.472289,0.239465,-0.114797,-0.055555,-0.697032,-0.135773,0.495163,-0.051865,-0.263833,-0.543620,-0.248236,-0.322148,-0.006170,-0.026783,-0.636668,0.022592,-0.442387
0.348531,0.296911,0.112817,-0.039205,-0.232086,-0.325456,-0.168566,0.102495,-0.216357,-0.164619,-0.159301,0.221347,0.634814,-0.012157,0.317920,0.119160,-0.211751,-0.243944,-0.201607,-0.270654,-0.096070,-0.161651,-0.120576,-0.327252,0.005457,-0.197989,-0.185484,-0.186293,-0.011556,-0.295162,-0.406550,0.533097,-0.396847,-0.217901,-0.079346,-0.050245,-0.079551,0.225866,-0.338712,-0.185920,-0.081058,-0.172835,-0.042408,-0.149464,-0.054110,-0.135963,-0.034922,0.380732,0.327268,-0.021204,0.218026,0.009101,0.270960,0.042717,0.272630,0.346235,-0.085481,0.048041,-0.431412,0.171698,-0.261204,0.462916,-0.000925,0.110133,0.114834,0.143294,0.158146,0.159279,0.047904,-0.021897,0.025866,0.388467,-0.156729,0.237135,-0.048807,0.301890,-0.536318,0.362181,0.408286,0.237969,-0.134224,-0.044990,0.126130,0.225952,0.045808,-0.307920,-0.280854,-0.192068,0.092963,-0.121430,-0.202494,-0.093651,0.160367,0.106839,-0.067303,-0.101797,0.014480,-0.292978,0.018734,-0.171048,0.112327,0.262192,-0.008103,-0.208867,0.335295,-0.226696,-0.033641,0.390059,0.172766,0.289309,0.349184,-0.201209,0.043344,-0.096170,0.560487,-0.175702,-0.072991,0.095550,0.081781,-0.243515,0.110445,0.287862,0.793341,-0.156380,-0.077055,-0.277577,-0.522677,0.303030,0.113928,0.494991,-0.012313,0.129873,-0.054151,0.915832,0.151757,0.000000,0.000753,-0.050577,0.181886,-0.250793,0.465389,0.089742,-0.074231,0.157401,-0.193087,-0.389898,-0.177313,-0.134114,-0.199607,-0.174648,0.027618,-0.338986,0.296927,0.290524,-0.385598,-0.325463,-0.189129,-0.422746,-0.089903,-0.239344,-0.392755,-0.360440,-0.243830,-0.028996,-0.130293,-0.386374,-0.278996,0.588962,-0.291144,-0.245857,0.214181,0.152678,0.131343,-0.341257,0.478487,-0.556431,0.286503,0.117426,-0.149576,0.030338,-0.212987,0.347324,-0.028559,0.325272,-0.469754,0.322915,-0.064938,0.226735,0.269233,-0.109282,-0.147670,0.159668,-0.032810,0.060168,-0.451669,-0.298796,-0.024910,-0.280714,0.226608,-0.144306,-0.127364,-0.650304,0.393901,0.500453,0.198206,0.044467,0.578669,-0.165371,-0.174585,0.395447,0.041642,0.462271,-0.349403,-0.029825,0.426640,0.102159,0.001851,0.274925,0.303470,0.259956,0.672302,0.069358,0.088543,0.053245,0.144144,-0.188063,-0.137877,-0.069836,-0.009766,-0.117284,-0.049688,0.072939,0.125077,0.077146,0.931912,0.078022,0.233163,0.443713,0.969766,0.558970,0.300119,-0.228518,-0.138054,-0.120596,-0.002112,-0.120306,-0.077011,-0.202263,0.144349,0.085143,0.259661,0.396835,-0.033958,-0.067701,-0.190628,0.036023,0.176317,-0.370532,-0.153581,0.251640,-0.493714,0.158960,-0.151888,-0.314798
0.333022,0.114893,-0.227141,0.033668,-0.076633,-0.248577,-0.296481,0.564254,0.132452,-0.607918,-0.453424,0.271354,0.114744,0.032194,0.117238,-0.272209,0.206567,0.057992,0.013443,-0.330409,-0.092960,0.093375,-0.111170,-0.230877,-0.217887,-0.065621,0.106454,0.168246,-0.129804,-0.144704,0.079954,-0.192271,-0.159486,-0.231334,-0.008495,-0.312568,-0.104140,-0.113370,0.254636,0.118849,-0.133846,0.113244,-0.011901,0.105729,0.036630,0.104543,-0.104243,-0.058834,-0.477190,-0.440257,-0.577569,-0.036590,-0.463454,-0.262121,-0.396081,-0.049412,0.173911,0.187872,-0.190676,-0.032605,0.295211,-0.005206,0.296316,0.124407,0.080210,0.377329,0.243124,0.191058,-0.242143,-0.005864,0.227419,-0.296265,0.288765,-0.051902,-0.001910,-0.159140,-0.333684,0.458114,1.004918,-0.718362,0.656605,0.648919,0.066381,0.598788,0.007316,0.515955,0.058557,-0.069736,-0.061692,-0.215515,-0.129123,0.000217,-0.474777,-0.388033,-0.215905,0.599788,-0.217698,0.876098,0.381990,0.790406,-0.215640,0.525417,1.095326,0.651774,-0.398498,0.372166,-0.515253,-0.539725,-0.372457,-0.573210,0.081436,0.367106,-0.531859,-0.168880,0.000468,0.205179,0.433016,0.714179,-0.064985,0.258926,-0.053715,-0.763385,0.092281,-0.318480,-0.163991,-0.316579,0.611359,0.324925,0.741368,0.358028,0.798444,-0.244416,0.044856,0.094623,-0.213956,0.000753,0.000000,0.375809,0.512180,-0.511738,0.317704,0.007329,-0.417284,-0.234454,-0.308548,-0.227219,-0.067118,-0.329383,0.179667,-0.426827,-0.184298,-0.224837,0.290169,-0.595201,-0.016940,-0.227811,-0.058218,-0.078025,-0.306938,-0.446310,0.131824,0.171517,-0.468959,0.255836,-0.102449,-0.426972,-0.221042,-0.017300,0.125204,-0.287844,0.371320,0.064731,0.496905,0.718295,-0.171430,-0.314438,0.470861,-0.219350,-0.400463,-0.079383,0.064821,-0.317114,0.499832,0.827597,-0.002590,-0.068533,0.564766,-0.094648,-0.304046,-0.518339,-0.208706,-0.395165,-0.803072,-0.636182,0.461021,0.162523,0.241984,0.346058,-0.537926,-0.017054,-0.144635,-0.070517,-0.095176,0.191937,-0.212143,-0.161185,-0.034571,-0.037297,-0.226560,0.254504,-0.206386,-0.451084,-0.342383,0.174477,-0.498305,-0.422850,-0.068140,-0.060440,0.121590,-0.241531,-0.126510,-0.337545,0.732713,0.537622,-0.129145,-0.041916,0.196062,0.138881,0.199902,0.042678,0.396972,-0.010988,0.219868,-0.137050,0.029674,0.090909,-0.000407,0.234935,0.279541,-0.035538,0.152074,1.066333,-0.124552,-0.102775,0.365611,0.155180,0.034365,-0.296605,0.292325,0.540189,-0.317934,-0.065530,-0.097641,-0.142869,-0.440989,-0.363199,0.094285,-0.024119,-0.306309,-0.304647,-0.337805,0.105463,-0.277515,-0.285348
0.042874,0.180555,-0.094209,0.013922,-0.073577,-0.503963,-0.327790,0.215373,-0.248166,-0.063018,-0.226233,0.316170,0.488328,0.403483,0.377805,-0.237062,-0.403041,-0.200339,-0.321349,-0.271597,-0.496188,-0.300696,-0.165780,-0.110521,-0.277501,-0.408880,-0.298904,-0.164833,0.139887,-0.180969,-0.436053,0.087406,-0.137546,-0.104652,-0.197660,-0.501304,-0.296389,-0.300187,-0.281132,-0.265656,-0.134173,-0.260585,-0.301388,-0.355254,-0.485098,-0.525205,0.466185,0.306636,-0.093654,0.104519,-0.238176,0.131823,0.024968,0.071119,0.235668,0.518527,0.374495,0.635838,0.463691,0.502059,0.354601,0.519658,0.172009,0.069841,0.087432,0.339234,0.015822,0.627228,-0.081463,-0.248753,0.220321,0.387771,-0.001811,0.035363,-0.399998,0.108134,-0.184802,0.269564,0.390925,-0.184086,0.162604,-0.057565,-0.235231,0.602682,-0.218332,-0.199367,-0.331490,-0.409163,-0.336671,-0.369408,-0.161770,-0.225989,-0.195567,-0.410328,-0.258717,-0.186525,-0.393191,0.280509,-0.021313,-0.034765,-0.397765,0.003263,0.321959,0.693590,-0.243239,0.170070,-0.340394,-0.259249,-0.111002,-0.061218,0.283370,0.199861,-0.181280,0.059845,0.408064,-0.146714,-0.245871,0.404163,-0.706991,-0.304230,0.110908,-0.092938,0.198408,-0.183184,-0.420601,-0.330244,-0.056862,0.190304,0.025889,0.052167,0.352295,-0.636826,-0.371899,0.026678,-0.353375,-0.050577,0.375809,0.000000,-0.008528,-0.613449,0.049576,-0.051050,-0.094218,0.113652,0.163341,-0.106464,0.105036,0.173068,-0.209693,-0.117918,0.241555,0.171961,0.121964,-0.129129,-0.085917,0.201256,0.097481,-0.150142,0.292131,0.078601,0.206172,0.046185,0.052308,-0.266903,-0.173005,-0.100865,0.270158,-0.207999,0.087090,0.066699,-0.029266,-0.169263,-0.031114,0.367963,-0.255868,-0.373097,0.258020,0.292365,-0.857586,0.177868,-0.179759,0.110511,0.080714,0.482577,-0.213502,-0.261312,0.432424,0.209191,0.128420,-0.323698,-0.392925,-0.401762,-0.463707,-0.855749,-0.195358,-0.160843,0.212329,-0.195831,-0.483806,-0.178048,-0.076828,-0.079094,0.377672,0.340883,0.084883,0.040307,0.418455,0.223908,0.229769,0.222929,0.365375,0.309615,0.390363,0.549773,0.243624,0.576200,0.439226,0.166090,0.789966,0.445366,-0.148147,0.003830,0.223272,0.369413,0.167267,0.479137,0.274475,-0.044881,0.337961,0.071485,0.179037,0.080229,0.277439,-0.018403,-0.004385,0.456501,0.240765,0.645886,0.211060,0.555261,0.458483,0.353454,-0.492041,-0.056100,0.288166,0.138388,0.487025,-0.473707,0.300346,0.374176,0.139347,0.307215,-0.087799,-0.360024,-0.661689,-0.114979,0.061941,-0.086739,-0.239784,-0.146598,-0.070373,0.031684,-0.195301,-0.369150
0.375931,0.166945,0.132709,-0.491844,-0.594170,0.016681,-0.092809,-0.021363,0.458613,0.043954,0.063975,0.201616,-0.114498,-0.315208,0.429476,-0.012261,0.306972,0.457086,0.306062,-0.119481,0.180910,0.483116,0.120596,-0.060502,-0.064305,0.319227,0.521194,0.471035,-0.335519,-0.350890,0.173288,0.293442,-0.158171,-0.111958,0.198108,0.002738,0.298220,0.255787,0.395222,0.407869,0.141025,0.242899,0.200157,0.178231,0.132410,0.294553,-0.084445,-0.211288,-0.297033,-0.403305,-0.245958,-0.224969,-0.238390,-0.210627,0.136774,-0.064443,-0.074406,-0.089932,-0.307647,-0.104102,0.186941,-0.084289,0.146519,0.295778,0.241724,0.373422,0.474159,0.014045,0.152599,0.257195,0.195038,-0.220933,0.310102,0.159755,0.441218,-0.243631,-0.142144,0.185874,0.635074,-0.300206,0.534782,1.118039,0.215256,-0.185888,0.149100,0.679505,0.509538,0.491073,0.532660,0.414612,0.428910,0.599579,0.150795,-0.192471,0.404628,0.858103,0.422598,0.559839,0.852489,0.703852,0.523555,0.796615,0.876049,0.334322,0.513102,-0.024563,-0.009803,0.262613,-0.092248,-0.157464,0.612266,0.047758,0.066764,-0.330912,0.177443,0.294434,0.828780,-0.255807,-0.034397,0.356978,0.413228,-0.334425,0.322285,0.122856,-0.024262,0.144639,0.315784,0.711246,1.048093,0.635913,0.514394,0.325911,0.467060,0.105710,0.177765,0.181886,0.512180,-0.008528,0.000000,0.061594,0.315858,-0.087997,-0.278471,-0.415676,-0.428999,-0.283697,-0.394100,-0.309999,-0.299071,-0.568421,-0.478928,-0.291062,0.291051,-0.032922,-0.448849,-0.512846,-0.432959,-0.347764,-0.385669,-0.183158,-0.188964,-0.367079,-0.361685,0.146378,-0.158722,-0.454132,-0.523761,0.102502,-0.349100,-0.288273,0.042921,0.036712,0.038824,0.038964,-0.273065,-0.444900,-0.079115,-0.352826,-0.342372,-0.711055,0.074838,0.006536,0.142518,0.479975,0.042923,-0.202123,0.316335,-0.098555,-0.189357,-0.938370,-0.515526,-0.556875,-0.660739,-0.484316,-0.100357,-0.130341,-0.526485,-0.197054,-0.656662,-0.638252,-0.593117,-0.559853,-0.360441,-0.029843,-0.292404,-0.772321,-0.084037,-0.670202,-0.753074,0.251790,0.053062,-0.037422,-0.731807,-0.603626,-0.508375,-0.319742,-0.128081,-0.456411,0.070941,-0.240979,-0.051090,0.104505,0.459656,0.524604,0.172012,-0.286474,0.312971,-0.073605,0.290779,0.012445,0.262714,-0.232554,0.352222,-0.248314,0.245721,0.056535,0.075950,0.297038,0.319346,0.043125,0.162517,0.398044,-0.250945,-0.222500,0.026459,-0.368706,-0.023395,-0.014527,0.506689,0.456037,-0.501948,-0.173280,-0.003696,0.183306,-0.297787,-0.481805,-0.144348,-0.443356,-0.399805,-0.462124,-0.774366,-0.336053,-0.491353,-0.659411
-0.431650,-0.529743,0.088485,-0.238934,-0.001533,0.437512,0.491039,-0.585854,0.284956,0.628595,0.163875,-0.334343,-0.735579,-0.088885,-0.275929,0.055942,0.198181,0.425459,0.485325,0.533568,0.308353,0.238430,0.259789,0.212252,0.214230,0.341198,0.215963,0.307032,-0.096529,0.422941,0.401705,0.165520,0.410010,0.232818,0.169597,0.269264,0.130709,0.219640,0.294110,0.334130,0.237059,0.305444,0.236518,0.295999,0.325390,0.257490,0.008418,-0.261263,-0.005573,-0.056198,0.122338,0.007567,0.141400,0.060157,0.235078,-0.269337,0.031755,-0.288314,-0.008011,-0.320262,-0.177106,-0.499963,-0.100638,-0.110515,0.044479,-0.175248,-0.047387,-0.252555,0.254929,0.337899,-0.054380,-0.145736,0.088296,0.182071,0.447544,-0.145527,0.183372,-0.503790,-0.553919,0.094832,-0.059602,0.151479,0.032904,-0.955163,-0.125509,0.205796,0.428374,0.449124,0.255644,0.349140,0.155350,0.335786,0.365897,0.102753,0.415049,0.074955,0.430335,-0.139975,0.084576,-0.203441,0.295890,0.007999,-0.164878,-0.197240,0.387917,-0.447774,0.357999,0.235712,0.129616,0.070442,-0.143722,-0.144592,0.394208,-0.084152,-0.383897,0.127412,0.199100,-0.630898,0.171485,0.471461,0.084123,0.009192,-0.481530,0.344522,0.492326,0.278522,0.045474,-0.122189,0.065974,-0.518415,-0.192711,0.355721,0.339183,-0.360030,0.070688,-0.250793,-0.511738,-0.613449,0.061594,0.000000,-0.202318,0.219284,0.376060,0.259005,0.218199,0.554878,0.313234,0.285516,0.168139,0.493271,0.119510,0.295170,0.033621,0.571439,0.353151,0.395563,0.292214,0.457368,0.183388,0.450193,0.274795,0.125689,0.304992,0.516035,0.478664,0.582136,0.121804,-0.078055,0.250624,0.505909,-0.421083,0.362768,-0.379734,-0.135573,-0.145088,0.354388,-0.927758,-0.494347,0.535612,-0.358276,-0.161830,-0.113131,-0.523515,-0.726334,0.120172,-0.089450,-0.052100,-0.406321,-0.348678,0.029216,0.117586,-0.139685,0.154671,0.244097,-0.153106,-0.014469,-0.531990,-0.323148,0.096701,-0.246129,-0.056463,0.025964,-0.357793,-0.900408,0.073889,-0.286474,-0.461887,-0.356808,-0.268441,-0.288997,-0.111954,-0.140466,0.100189,-0.491809,-0.217167,-0.030755,-0.397393,-0.181910,-0.344635,-0.346624,-0.154150,0.190370,-0.158550,-0.264196,0.154365,-0.270648,0.014928,0.125878,-0.039699,0.215050,0.077780,-0.066341,0.278068,-0.024889,-0.502897,-0.144725,-0.132348,-0.497136,-0.528417,-0.345701,-0.301652,-0.252435,0.360534,0.006876,-0.354228,-0.367123,-0.200115,0.625478,-0.247182,-0.276822,-0.396393,-0.197594,0.158170,0.476486,0.521597,0.258523,0.263314,0.207311,0.455596,0.011386,0.122627,-0.060409,0.336279,0.302307
0.882432,0.736728,-0.045128,-0.071399,-0.050665,-0.507609,-0.126245,0.332037,-0.175926,-0.360995,-0.043736,0.279423,0.333362,0.105009,0.118818,-0.121200,-0.146486,-0.210864,-0.303114,-0.528702,-0.132911,-0.107126,-0.469415,-0.489138,-0.289272,-0.144100,-0.077453,-0.104669,-0.045460,-0.467061,-0.347811,0.087787,-0.423990,-0.551017,-0.241780,-0.148137,-0.127953,-0.126355,-0.256924,-0.271874,-0.213686,-0.350537,-0.184770,-0.306138,-0.276135,-0.185921,-0.095586,0.361205,-0.153760,-0.223705,-0.224430,-0.011530,-0.056714,0.051085,-0.004603,0.286102,0.164790,0.196983,-0.372976,0.246786,-0.094816,0.217967,0.074342,-0.067358,-0.047502,0.137089,0.042574,-0.082293,-0.386879,-0.128233,0.221201,0.271365,-0.143732,0.022196,-0.165166,0.025931,-0.385278,0.585518,0.581855,0.046877,0.215758,0.106141,0.365589,0.245608,-0.066429,-0.050853,-0.341616,-0.361655,-0.227957,-0.280033,-0.410576,-0.253795,-0.100251,-0.254777,-0.224370,0.102437,-0.318768,0.061483,0.032672,-0.006941,-0.239357,0.477787,0.306841,0.119342,-0.100687,0.423539,-0.333959,0.016361,-0.229338,-0.067636,0.104595,0.137274,-0.138746,-0.124606,0.394154,-0.245886,-0.021846,0.224224,-0.105999,-0.190659,0.319630,-0.103678,0.362126,-0.359849,-0.184983,-0.425358,-0.372276,0.295417,0.329549,0.330197,0.296163,-0.164037,-0.271991,0.500065,-0.019458,0.465389,0.317704,0.049576,0.315858,-0.202318,0.000000,0.401602,0.162044,0.053103,0.016551,-0.199880,-0.034388,-0.033498,0.008350,-0.137933,0.130566,-0.077794,0.507608,-0.171124,-0.331085,-0.312576,-0.066247,-0.089560,0.065050,-0.162267,-0.104494,-0.123791,-0.277707,0.032422,-0.092142,-0.437433,-0.086945,0.767303,-0.128364,-0.108270,0.710792,0.318985,0.718346,-0.120176,0.099401,-0.718139,0.437065,0.121783,-0.118450,0.018894,-0.161126,-0.053047,0.040533,0.477118,-0.756893,0.163225,0.005820,0.251500,0.294822,-0.148690,-0.291384,0.031182,-0.193973,-0.245203,-0.008687,0.062525,0.223793,0.119705,-0.090385,0.067497,-0.166860,-0.389498,0.247213,0.542638,0.008268,-0.046150,0.484721,0.014743,-0.188573,0.410224,-0.049009,0.090783,-0.491764,-0.029150,0.180883,-0.011186,-0.155004,0.125909,0.342952,0.128148,0.116239,-0.026775,0.199616,0.318025,0.251564,-0.191658,-0.140862,-0.105436,0.194389,-0.125096,0.202604,0.447618,0.335278,0.061476,0.446654,-0.331384,0.007695,0.240978,0.600832,0.111977,0.224553,0.051688,-0.310571,-0.008590,0.247750,0.146773,-0.034534,-0.493059,0.254564,0.172786,0.194798,0.323152,-0.089268,-0.090780,-0.242283,0.078752,0.072183,-0.312554,-0.272729,0.317381,-0.678942,0.214717,-0.094156,-0.371451
0.036618,-0.097245,-0.123122,0.294814,0.365213,-0.481672,0.114903,0.315183,-0.576122,-0.209763,-0.363212,0.196834,0.378917,0.722580,-0.177054,-0.161432,-0.454879,-0.531382,-0.527569,-0.349079,-0.338445,-0.409381,-0.758818,-0.419138,-0.533770,-0.457517,-0.577409,-0.516493,0.120689,-0.038275,-0.463696,-0.185764,-0.329851,-0.458841,-0.581192,-0.220723,-0.659770,-0.614544,-0.505094,-0.596257,-0.344481,-0.577329,-0.586391,-0.540482,-0.505646,-0.438832,0.199871,0.646753,-0.114620,0.243715,-0.127842,0.694988,0.221545,0.050854,0.132088,0.503203,0.499144,0.528572,-0.126625,0.332177,-0.356551,0.425900,0.016879,-0.416833,-0.428075,-0.175524,-0.646026,0.051025,-0.466875,-0.403868,-0.026679,0.215239,-0.470233,0.696520,-0.033260,-0.114434,-0.292703,0.488798,0.279875,0.357696,-0.166855,-0.159821,-0.031332,0.139650,-0.100339,-0.372117,-0.469166,-0.566601,-0.560996,-0.621018,-0.686705,-0.511226,-0.116619,-0.462876,-0.358355,-0.350921,-0.526881,-0.341270,-0.505468,-0.377470,-0.548026,-0.156215,0.161551,-0.359640,-0.317516,-0.026948,-0.524817,-0.347267,-0.381271,-0.280810,-0.369379,-0.054732,-0.411057,-0.462208,0.405079,-0.481068,-0.276831,0.230018,0.042063,-0.153959,-0.333603,-0.196435,-0.064026,-0.226962,0.028490,-0.283063,-0.291190,-0.125848,-0.106666,-0.207164,-0.105139,-0.288598,-0.616565,-0.078524,-0.370508,0.089742,0.007329,-0.051050,-0.087997,0.219284,0.401602,0.000000,0.533624,0.759628,0.652802,0.486714,0.802887,0.509061,0.732624,0.714458,0.637995,0.479808,0.284785,0.019380,0.454623,0.286570,0.773928,0.696748,0.485786,0.498611,0.369242,0.599547,0.280982,0.359382,0.793880,0.316548,0.511399,0.296645,0.619475,0.552654,0.421267,0.902763,0.191887,-0.177313,0.445721,-0.070711,0.254613,0.158684,0.387411,0.028659,-0.738825,-0.144874,-0.069137,0.320941,-0.507735,0.490225,-0.106630,0.539573,0.184654,0.069262,-0.000888,-0.211441,0.007867,0.014133,-0.176025,-0.142040,0.099058,0.097139,0.013135,-0.063721,0.152778,-0.078034,0.524620,0.213136,0.798494,0.261416,0.477378,0.417601,0.221433,0.470504,-0.261604,-0.206519,0.108679,0.012505,0.169654,0.366513,-0.291609,-0.011047,0.380396,0.508284,-0.291855,-0.071161,-0.074108,-0.139094,0.102735,-0.246741,-0.272522,0.393722,-0.095774,-0.181629,0.162617,0.350985,0.482860,0.340593,0.138666,-0.302995,-0.355104,0.134882,0.301837,0.235131,0.448089,0.093811,0.015859,0.305485,-0.009818,0.175339,0.209634,-0.211197,-0.443378,-0.232299,0.374400,0.542681,0.509307,-0.094012,-0.061260,0.845582,0.383438,0.432594,0.091259,0.825241,-0.303008,0.901552,0.564731,0.255440
-0.259618,-0.137845,-0.171260,0.055656,0.392049,-0.149940,0.497344,-0.064481,-0.252029,-0.055989,-0.006916,-0.232218,0.050702,0.429709,-0.348703,-0.343128,-0.321254,-0.335840,-0.344203,-0.026694,-0.269664,-0.205652,-0.411627,-0.210463,-0.294424,-0.255241,-0.314868,-0.351927,0.138640,-0.023443,-0.247028,-0.343806,0.100534,-0.268582,-0.668917,-0.153335,-0.313425,-0.531326,-0.309982,-0.394161,-0.186455,-0.260047,-0.373019,-0.339743,-0.250100,-0.257088,0.049500,0.095412,-0.247885,0.052406,-0.043790,0.013846,-0.062294,-0.056712,0.118992,0.028831,0.149843,0.073675,0.032946,-0.017933,0.003636,0.016906,-0.306235,-0.222994,-0.184564,-0.290174,-0.482683,-0.279485,-0.275194,-0.155949,-0.088988,0.085229,-0.290974,0.234022,0.139992,-0.242456,0.169464,-0.104576,-0.252929,0.665588,0.057839,-0.266258,0.043267,-0.272749,-0.099794,-0.236215,-0.260438,-0.147733,-0.203200,-0.074583,-0.118255,-0.170034,0.407459,0.009482,0.073766,-0.401894,-0.265843,-0.359143,-0.519531,-0.454157,-0.157484,-0.294850,-0.367532,-0.209133,-0.083794,0.100220,0.019273,-0.000887,-0.328318,-0.169418,-0.433971,0.082718,0.120116,0.049491,-0.042529,-0.288141,-0.283185,-0.147049,-0.193543,-0.097536,0.004927,0.092007,-0.144170,0.238135,0.328887,0.143365,-0.291628,-0.375990,-0.370590,-0.329245,-0.583842,0.017889,-0.213845,-0.077566,0.130549,-0.074231,-0.417284,-0.094218,-0.278471,0.376060,0.162044,0.533624,0.000000,0.677903,1.277157,0.933274,0.688028,1.221041,0.322424,0.805543,0.988368,1.173042,0.033483,0.213964,0.445449,0.672413,0.710225,0.731899,0.923810,1.047799,0.433145,0.452866,1.052799,0.174218,0.573177,0.767082,1.108196,-0.018739,0.529923,1.196281,-0.070630,0.408498,0.019841,-0.172964,0.117278,0.196210,-0.154193,0.161640,0.393883,-0.009820,-0.225162,-0.126335,-0.277803,-0.230484,-0.187983,0.247843,-0.550500,0.178765,-0.009639,0.344320,0.157244,0.054889,0.433941,0.399926,0.003900,0.116130,-0.004920,0.038410,0.255635,0.171273,0.081682,0.106170,0.177114,-0.051299,0.409949,0.041653,0.044916,0.277355,0.058350,-0.004645,-0.000144,0.078539,0.330971,0.064408,0.217397,0.323667,-0.283566,0.342438,0.183788,0.159516,-0.221166,0.300716,-0.314924,-0.050490,0.312628,0.110186,-0.532732,0.055854,-0.171594,-0.296979,-0.005450,0.404732,0.036036,0.515265,-0.055943,-0.544862,-0.273015,-0.151847,-0.101773,-0.112221,-0.062240,-0.314166,0.088124,0.554380,0.257745,0.085310,0.214721,-0.001138,-0.263680,-0.327862,0.445014,0.183432,0.307059,0.140498,0.054870,0.789652,0.061364,0.335963,0.258250,0.878758,0.110548,0.352530,0.561735,0.201812
-0.321818,-0.329775,-0.104375,0.171874,0.635855,-0.293682,0.157680,-0.062607,-0.687551,-0.033567,-0.618520,0.149416,0.279483,0.938244,-0.364156,-0.345573,-0.846060,-0.523407,-0.487413,-0.019950,-0.398866,-0.782757,-0.462940,-0.288465,-0.352819,-0.545872,-0.852110,-0.600751,0.240944,0.178135,-0.559866,-0.071788,0.075309,-0.238374,-0.665220,-0.256637,-0.798737,-0.608500,-0.643449,-0.625214,-0.357140,-0.553650,-0.771944,-0.589619,-0.483978,-0.691972,0.210621,0.557834,-0.051156,0.183705,-0.063292,0.574473,0.282083,0.050510,0.252494,0.371069,0.491206,0.309029,-0.028484,0.151220,-0.313327,0.362796,-0.228929,-0.539745,-0.399265,-0.326734,-0.631149,0.180171,-0.285511,-0.516010,-0.301458,0.383973,-0.374108,0.811599,-0.162272,0.180721,-0.372078,0.219380,0.001276,0.349232,-0.273358,-0.434273,-0.342325,0.092961,-0.248803,-0.509165,-0.508551,-0.513578,-0.563471,-0.629329,-0.590370,-0.575508,0.005880,-0.278594,-0.397911,-0.564789,-0.503900,-0.378926,-0.514001,-0.653532,-0.525480,-0.345011,-0.135272,-0.088546,-0.255949,-0.244603,-0.306394,-0.228060,-0.110608,-0.057739,-0.332727,-0.096159,-0.241393,-0.239186,0.256661,-0.425272,-0.597429,0.215818,-0.132432,-0.201009,-0.171708,0.057175,-0.281830,-0.055383,0.154257,-0.334635,-0.404462,-0.370487,-0.281493,-0.554997,-0.360215,-0.383328,-0.524342,0.008144,-0.463374,0.157401,-0.234454,0.113652,-0.415676,0.259005,0.053103,0.759628,0.677903,0.000000,0.833960,0.662059,1.421676,0.901476,0.462006,1.123622,0.942048,0.627933,0.280490,0.477360,0.653287,0.972974,1.207807,0.648333,0.640121,0.588125,0.637774,0.510767,0.517118,0.427818,0.592195,0.545883,0.840118,0.087100,0.968082,0.861530,-0.022828,0.522339,-0.021286,-0.083922,0.474865,0.054612,0.027476,0.113163,0.273971,0.351284,-0.737603,0.010051,-0.341267,-0.032340,-0.507607,0.438898,-0.097418,0.216102,0.029536,0.248437,0.100388,-0.171797,0.137658,0.064530,-0.316423,-0.089344,0.239828,-0.234959,0.162579,0.086733,0.364872,-0.040214,0.567997,0.078961,1.120288,0.479823,0.407543,0.459871,0.394273,0.253263,-0.168972,0.029284,0.574608,0.307156,0.458551,0.535903,-0.329121,0.441279,0.533112,0.397454,-0.119410,-0.015632,-0.061353,-0.218379,0.089685,0.107938,-0.232519,0.514768,-0.157206,-0.129612,0.038633,0.313025,0.402809,0.360637,-0.087455,-0.080872,-0.299787,0.059009,0.105771,0.304506,0.355575,-0.049914,0.225084,0.191475,0.061607,-0.130957,0.417024,-0.155283,-0.398079,-0.228361,0.448634,0.778798,0.522754,-0.073208,-0.000083,1.077909,0.811320,0.536323,0.502803,0.774269,0.079801,1.022637,0.674630,0.494513
-0.368248,-0.276051,-0.301726,0.282515,0.480544,-0.239592,0.466555,-0.037570,-0.410565,-0.007266,-0.153156,-0.233530,0.162279,0.779677,-0.322588,-0.334253,-0.551116,-0.572117,-0.514939,-0.015433,-0.399651,-0.441818,-0.594546,-0.177973,-0.318139,-0.415368,-0.515229,-0.528253,0.264579,0.132238,-0.394711,-0.366613,0.076804,-0.318918,-0.866986,-0.228153,-0.569016,-0.656408,-0.523956,-0.622291,-0.203878,-0.425671,-0.578741,-0.510630,-0.506062,-0.445207,0.344687,0.228446,-0.159291,0.299987,-0.165705,0.256123,0.116330,0.010749,0.196177,0.229970,0.429578,0.345793,0.277614,0.121846,0.051256,0.145565,-0.153314,-0.308408,-0.266925,-0.268842,-0.766301,-0.049025,-0.255941,-0.324571,-0.038517,0.197946,-0.328961,0.307832,0.040408,-0.228164,0.159167,-0.019871,-0.158560,0.571926,-0.059928,-0.331475,-0.125351,-0.093288,-0.155858,-0.333342,-0.380841,-0.317935,-0.351258,-0.267613,-0.274194,-0.359048,0.264117,-0.216472,-0.081604,-0.491270,-0.447135,-0.267447,-0.660015,-0.511137,-0.344118,-0.414750,-0.284591,-0.121799,-0.281985,0.132219,-0.183706,-0.266814,-0.393000,-0.261779,-0.500478,0.202033,-0.083476,0.020067,0.053206,-0.345724,-0.348541,0.058463,-0.326824,-0.131766,-0.168986,0.091987,-0.194911,0.188718,0.243291,0.093294,-0.245987,-0.417359,-0.487188,-0.439627,-0.462643,-0.209717,-0.428029,-0.243282,-0.026260,-0.193087,-0.308548,0.163341,-0.428999,0.218199,0.016551,0.652802,1.277157,0.833960,0.000000,1.125519,0.935798,1.713063,0.358307,1.028046,1.213589,1.678772,-0.000785,0.127841,0.577287,0.896486,0.976491,0.848095,1.352331,1.195509,0.496957,0.664714,1.427200,0.104207,0.736499,0.995009,1.890606,-0.100525,0.671877,1.519123,-0.119471,0.523549,-0.117345,0.019988,0.168818,0.231406,-0.075769,0.283179,0.248884,0.054320,-0.371085,-0.255521,-0.244748,-0.087197,-0.145973,0.204040,-0.266653,0.239632,-0.018151,0.357746,0.049457,-0.124835,0.345171,0.211122,-0.068865,0.115198,0.062933,-0.000481,0.045383,0.082201,0.180891,0.244907,0.254575,-0.002472,0.528262,0.220417,0.183673,0.503199,0.326479,0.058204,-0.034449,0.016437,0.699004,0.309480,0.209912,0.631264,-0.216106,0.253737,0.335700,0.356176,-0.447548,0.187913,-0.262857,-0.127193,0.261541,0.250229,-0.401439,0.181233,-0.128106,-0.204805,0.079967,0.337738,0.138524,0.586196,-0.146356,-0.307377,-0.279895,-0.027894,-0.107885,0.033123,0.092899,-0.111064,0.115632,0.705735,0.243183,0.135016,0.358333,0.018751,-0.322840,-0.369472,0.494538,0.257099,0.427781,0.043905,0.001331,0.899988,0.124870,0.637965,0.230187,0.784733,0.181424,0.484712,0.720874,0.307363
-0.588724,-0.532373,-0.418488,0.112458,0.467696,0.029651,0.582583,-0.258192,-0.149956,0.131267,-0.202286,-0.432222,-0.247851,0.533688,-0.599873,-0.379198,-0.162450,-0.195208,-0.069383,0.244573,-0.088377,-0.119996,-0.201443,-0.049379,-0.172556,-0.082686,-0.263534,-0.175033,0.143396,0.312396,0.060184,-0.468735,0.386784,-0.123545,-0.537325,-0.057978,-0.334310,-0.372430,-0.059402,-0.116457,-0.038043,0.002724,-0.299883,-0.033149,-0.014122,-0.019449,0.117967,-0.205731,-0.329657,0.171870,-0.155684,0.106362,-0.077413,-0.138922,0.019194,-0.148550,0.321332,0.047173,0.163488,-0.332140,0.032154,-0.257508,-0.206966,-0.384689,-0.282359,-0.368895,-0.515171,-0.228508,-0.131436,-0.125245,-0.157752,-0.148166,-0.112118,0.314630,0.244551,-0.378030,0.171954,-0.281416,-0.288142,0.367701,0.044828,-0.150930,-0.242345,-0.320431,-0.280592,0.014084,0.033196,0.058459,-0.172132,-0.045843,-0.129610,-0.102573,0.277006,-0.019745,0.103945,-0.196395,-0.148677,-0.048604,-0.376914,-0.220633,-0.154728,-0.396935,-0.198014,-0.081063,-0.268313,-0.002584,0.050360,-0.334195,-0.387266,-0.397801,-0.578820,0.277228,-0.106082,0.021403,-0.284095,-0.128734,-0.082501,-0.032140,-0.231989,0.308707,-0.200698,-0.064308,-0.525137,0.403367,0.586244,0.276869,0.070807,-0.632713,-0.212278,-0.673051,-0.363324,-0.060056,-0.068594,-0.563342,-0.018773,-0.389898,-0.227219,-0.106464,-0.283697,0.554878,-0.199880,0.486714,0.933274,0.662059,1.125519,0.000000,0.928572,1.013846,0.512346,1.075619,0.835754,1.312068,-0.186899,0.088955,0.925988,1.093464,0.971532,1.278721,0.625958,0.926865,0.768868,0.732486,1.119166,0.339115,0.764568,1.382799,1.034990,-0.325978,0.827812,1.508026,-0.269071,0.478363,-0.201868,0.195526,-0.004424,0.570969,-0.293819,-0.031501,0.394274,-0.043172,-0.296187,-0.467261,-0.394167,-0.308185,0.119014,0.040747,-0.145221,-0.125444,-0.440315,0.287065,0.234288,-0.218229,0.369850,0.315102,0.171366,0.144914,-0.130693,0.084586,-0.037481,0.048217,0.259670,0.395389,-0.064033,-0.364046,0.399975,0.110278,-0.293748,0.248677,0.107156,-0.264885,-0.366543,-0.272113,0.650435,0.124525,-0.157955,0.173819,-0.468668,0.108362,-0.011675,-0.102671,-0.567118,0.183859,-0.096371,-0.175179,0.142585,0.226553,-0.315250,0.213538,-0.296079,-0.047067,0.121262,0.167733,0.138026,0.448629,-0.553029,-0.347841,-0.457117,-0.364829,-0.502694,-0.304450,-0.130474,0.034198,0.434437,0.616026,0.204813,0.080469,0.068081,0.227792,-0.358305,-0.388771,0.147462,-0.088235,0.475081,0.115482,0.269207,0.644172,0.144325,0.913785,0.433663,0.425891,0.435519,0.365804,0.723726,0.503277
-0.361446,-0.416744,-0.209970,0.268578,0.793674,-0.220428,0.195689,-0.017447,-0.622487,-0.092123,-0.599872,0.028314,0.104862,1.027112,-0.553056,-0.503441,-0.547018,-0.412931,-0.337239,-0.029432,-0.404301,-0.547734,-0.425471,-0.292539,-0.485675,-0.515239,-0.812931,-0.410622,0.167204,0.268295,-0.282365,-0.345824,0.119751,-0.153694,-0.570578,-0.323552,-0.901676,-0.784955,-0.385119,-0.472726,-0.376062,-0.382157,-0.722759,-0.416797,-0.362549,-0.479726,0.159843,0.341467,-0.296845,0.198831,-0.242454,0.494044,0.058807,-0.112133,0.012979,0.160698,0.590598,0.293906,0.031680,0.007253,-0.250507,0.115933,-0.225467,-0.683884,-0.541867,-0.408443,-0.787885,0.007166,-0.461226,-0.471763,-0.294028,0.064939,-0.348257,0.658363,-0.123743,0.048146,-0.250146,0.136130,0.020517,0.211739,-0.147327,-0.293134,-0.441439,0.045788,-0.375490,-0.266593,-0.369148,-0.427970,-0.588555,-0.584062,-0.568391,-0.572685,-0.065645,-0.395514,-0.384879,-0.389621,-0.593340,-0.156202,-0.458793,-0.453234,-0.606864,-0.348651,-0.011036,0.003812,-0.531273,-0.071830,-0.357860,-0.531687,-0.250788,-0.274659,-0.582067,0.038326,-0.394750,-0.276693,0.036538,-0.406716,-0.411950,0.265282,-0.142528,-0.024780,-0.246465,-0.176895,-0.562838,-0.024346,0.248897,-0.252958,-0.136586,-0.530002,-0.187991,-0.662386,-0.212040,-0.511980,-0.504055,-0.268904,-0.489151,-0.177313,-0.067118,0.105036,-0.394100,0.313234,-0.034388,0.802887,0.688028,1.421676,0.935798,0.928572,0.000000,0.934061,0.672795,1.325468,0.878733,0.766460,0.124222,0.205999,0.944455,1.146910,1.838728,1.015712,0.670237,0.636961,0.779022,0.822365,0.579250,0.540975,0.710776,0.777577,0.982212,-0.034482,1.466486,0.994896,0.017544,0.563961,0.018676,0.180718,0.321759,0.256098,0.039994,0.062750,0.407877,0.318805,-0.704434,-0.161394,-0.262681,-0.039858,-0.274505,0.366521,0.034355,0.125740,-0.189897,0.262275,0.150158,-0.323283,0.115960,0.042198,-0.040625,0.027978,0.265003,-0.033065,0.000981,0.161050,0.420285,0.196100,0.308185,-0.053440,0.922644,0.455004,0.159734,0.572111,0.429908,0.061971,-0.347269,-0.282645,0.614307,0.306220,0.153769,0.347614,-0.435337,0.221359,0.307281,0.213627,-0.432552,-0.063244,0.030052,-0.220752,0.058829,0.114654,-0.176499,0.629157,-0.276050,-0.107607,0.034579,0.293380,0.374897,0.296118,-0.338404,-0.223132,-0.531759,-0.162675,-0.146798,0.015600,0.249220,0.177097,0.309312,0.221639,0.058934,-0.077792,0.343114,-0.114332,-0.368484,-0.273267,0.326148,0.507574,0.551896,-0.112020,0.077371,1.139191,0.760699,0.878617,0.530543,0.680698,0.222858,0.984366,0.917331,0.654880
-0.330538,-0.279256,-0.074375,0.113505,0.440272,-0.160714,0.379054,-0.141424,-0.390833,0.126297,-0.194362,-0.073509,0.109256,0.688649,-0.274432,-0.391812,-0.598846,-0.472995,-0.479608,0.019758,-0.378077,-0.401124,-0.485213,-0.126522,-0.305428,-0.354965,-0.500199,-0.496067,0.274383,0.125097,-0.432435,-0.245621,0.115782,-0.250356,-0.721328,-0.202062,-0.532209,-0.619018,-0.507934,-0.551417,-0.155034,-0.382688,-0.516258,-0.512466,-0.488772,-0.514589,0.346839,0.216546,-0.192029,0.127249,-0.152380,0.244917,0.079278,0.005292,0.262565,0.186699,0.387116,0.267146,0.237171,0.129948,0.041638,0.122424,-0.259231,-0.282265,-0.245410,-0.255175,-0.701717,0.001028,-0.210610,-0.335525,-0.137778,0.235006,-0.281744,0.379233,0.045135,-0.056245,0.086452,-0.054054,-0.150979,0.465299,-0.052371,-0.243313,-0.136033,-0.120116,-0.077597,-0.276686,-0.328259,-0.242863,-0.277265,-0.207085,-0.160340,-0.287062,0.274710,-0.283053,-0.057108,-0.388987,-0.373098,-0.233062,-0.437027,-0.532978,-0.212647,-0.301619,-0.230166,0.017485,-0.110811,-0.002563,-0.134272,-0.130669,-0.187280,-0.118184,-0.299523,0.101770,-0.003300,-0.085298,0.047617,-0.306090,-0.351222,-0.021230,-0.337144,-0.176140,-0.060585,0.117352,-0.254219,0.181173,0.169546,0.060816,-0.250418,-0.321021,-0.402822,-0.374192,-0.475444,-0.099692,-0.341849,-0.173862,-0.045789,-0.134114,-0.329383,0.173068,-0.309999,0.285516,-0.033498,0.509061,1.221041,0.901476,1.713063,1.013846,0.934061,0.000000,0.260442,1.009185,0.983731,1.448887,0.080970,0.319702,0.537799,0.935369,0.956202,0.684106,1.235730,1.120906,0.509966,0.567918,1.291810,0.175213,0.610844,0.855932,1.672759,-0.071808,0.707549,1.460996,-0.163211,0.366411,-0.108043,-0.020829,0.161268,0.154901,-0.169512,0.172104,0.171722,0.066622,-0.322715,-0.080609,-0.213243,-0.122135,-0.168907,0.226083,-0.236451,0.156539,-0.029124,0.232991,-0.064876,-0.231477,0.230602,0.133954,-0.202886,0.073606,0.046760,-0.228512,-0.009731,-0.002210,0.097403,0.077084,0.241294,-0.049904,0.542689,0.178224,0.162609,0.407620,0.318330,0.128135,0.085580,0.096566,0.668609,0.261450,0.258572,0.608662,-0.233639,0.256820,0.377468,0.303492,-0.409947,0.119383,-0.265692,-0.062765,0.215285,0.228913,-0.302877,0.259906,-0.072793,-0.234903,0.035711,0.261765,0.162852,0.431059,-0.137551,-0.254906,-0.287435,-0.006736,-0.108036,0.057590,0.130076,-0.070671,0.186401,0.494811,0.199794,-0.067765,0.514939,-0.000841,-0.215320,-0.259558,0.434717,0.315562,0.384552,0.074389,-0.024937,0.875347,0.203064,0.530698,0.269555,0.658850,0.109875,0.403015,0.624342,0.296717
-0.286416,-0.373853,-0.227481,0.369484,0.480203,-0.176076,0.129949,0.504288,-0.293779,-0.361465,-0.562793,0.018616,0.099635,0.328507,-0.448582,-0.289329,-0.043710,-0.348039,-0.248450,-0.162260,-0.202391,-0.194039,-0.370176,-0.152987,-0.403697,-0.315215,-0.323949,-0.375227,0.146464,0.102991,-0.062982,-0.604910,-0.066544,-0.288861,-0.381459,-0.175246,-0.387030,-0.576009,-0.069046,-0.237812,-0.217288,-0.103676,-0.217996,-0.064895,0.012511,-0.112385,-0.028249,0.149929,-0.324115,0.033696,-0.146761,0.324602,-0.192911,-0.147121,-0.311504,-0.054327,0.292458,0.229250,-0.099290,-0.023885,-0.071269,0.047981,-0.027217,-0.276018,-0.334336,-0.156881,-0.554742,-0.047004,-0.453560,-0.231836,-0.125200,-0.250164,-0.153866,0.185573,0.113878,-0.134117,-0.098296,0.075801,0.005269,0.075712,0.097306,-0.126349,-0.118181,0.292208,-0.142838,-0.126706,-0.281587,-0.382242,-0.471221,-0.530114,-0.553137,-0.348714,-0.247323,-0.249613,-0.291918,-0.199442,-0.455197,-0.172878,-0.480290,-0.075355,-0.564775,-0.395949,0.045715,-0.265743,-0.668881,0.055721,-0.444395,-0.749932,-0.381969,-0.524373,-0.845632,-0.049038,-0.595448,-0.326719,-0.236989,-0.150060,-0.209278,0.486672,0.163432,0.001535,-0.759945,-0.462612,-0.328667,-0.300774,0.150828,-0.158197,0.156400,-0.254196,-0.197535,-0.246546,-0.193669,-0.259705,-0.319999,-0.284822,-0.264203,-0.199607,0.179667,-0.209693,-0.299071,0.168139,0.008350,0.732624,0.322424,0.462006,0.358307,0.512346,0.672795,0.260442,0.000000,0.681895,0.495193,0.386520,-0.011592,-0.205112,1.178617,0.395324,0.841057,0.972970,0.163927,0.250847,0.658819,1.357787,0.204555,0.509809,0.811036,0.365856,0.424914,-0.125230,1.000328,0.463268,0.367368,0.494166,0.411811,0.162806,0.236633,0.241082,0.193640,-0.025061,0.542354,0.194215,-0.127425,-0.197976,0.225438,0.089768,-0.071712,0.440224,-0.203504,0.200076,-0.168073,0.175103,0.246776,-0.040048,0.100984,0.219310,0.344174,0.057926,0.285562,0.428414,0.151479,0.234039,0.225330,0.197759,0.235350,-0.055805,0.480797,0.296355,-0.071105,0.444792,0.207083,0.135798,-0.483187,-0.601389,0.192683,0.295189,-0.091408,-0.122577,-0.196146,0.074506,-0.107405,0.087100,-0.295879,-0.290614,0.070429,-0.051631,-0.088409,-0.053342,-0.420960,0.406653,-0.229343,-0.089470,0.138919,0.192525,0.055516,0.301887,-0.136767,-0.443831,-0.420503,-0.189020,-0.045029,-0.189305,0.019523,0.257939,0.345736,0.232360,0.170272,0.336404,0.154617,-0.096476,-0.607537,-0.173131,0.215371,0.137581,0.307067,0.035444,0.031772,0.545692,0.272787,0.544514,0.163968,0.527739,0.111138,0.654766,0.593499,0.445745
-0.458859,-0.426034,-0.111211,0.217834,0.633471,-0.101806,0.353866,-0.124889,-0.524607,0.147155,-0.333857,-0.142588,0.036492,0.740886,-0.502164,-0.320768,-0.473281,-0.417645,-0.284838,0.083767,-0.311444,-0.398014,-0.346191,-0.129191,-0.332612,-0.405458,-0.643146,-0.475766,0.259884,0.255071,-0.245061,-0.294915,0.135807,-0.151227,-0.532287,-0.149432,-0.646023,-0.560361,-0.397303,-0.434110,-0.186980,-0.252857,-0.452410,-0.281903,-0.208019,-0.342290,0.221112,0.215988,-0.116947,0.372965,0.039490,0.355073,0.155876,-0.037588,0.143408,0.066897,0.441832,0.225983,0.169896,-0.002822,-0.203611,0.024520,-0.237733,-0.515475,-0.458314,-0.428746,-0.977401,-0.108807,-0.317903,-0.350584,-0.264728,0.090417,-0.342047,0.447128,-0.013405,0.056663,0.021319,-0.159070,-0.323762,0.513203,-0.265999,-0.472231,-0.383336,-0.101503,-0.327129,-0.385309,-0.307366,-0.323737,-0.426283,-0.377070,-0.429851,-0.422164,0.147588,-0.183031,-0.163599,-0.505676,-0.367163,-0.398724,-0.576905,-0.615008,-0.392303,-0.593147,-0.350101,-0.271307,-0.326707,-0.151273,-0.092196,-0.302724,-0.090498,-0.076213,-0.628347,-0.062391,-0.170569,-0.156691,-0.091213,-0.366572,-0.469284,0.077389,-0.095366,-0.085198,-0.326926,0.072083,-0.484749,0.102391,0.330963,0.004904,-0.292888,-0.549785,-0.483630,-0.618500,-0.503472,-0.252014,-0.383044,-0.362196,-0.219267,-0.174648,-0.426827,-0.117918,-0.568421,0.493271,-0.137933,0.714458,0.805543,1.123622,1.028046,1.075619,1.325468,1.009185,0.681895,0.000000,0.925470,0.891536,-0.076846,0.321739,1.062848,1.079079,1.452987,1.035816,0.729915,0.823030,0.666508,0.826432,0.836190,0.322948,0.799959,0.980869,0.984274,-0.033387,1.043197,1.164817,-0.065627,0.494416,-0.068613,-0.027173,0.283745,0.345012,-0.134886,0.153732,0.544321,0.277146,-0.468160,-0.042021,-0.361182,-0.313184,-0.149378,0.294456,-0.197557,0.153813,-0.120397,0.389049,0.143544,-0.127010,0.430592,0.304469,-0.123894,-0.020725,0.121386,-0.088011,0.121737,0.101362,0.313241,0.237771,0.269741,-0.139674,0.771047,0.432927,0.063995,0.513916,0.459993,-0.043835,-0.251970,-0.120249,0.768829,0.247025,0.246683,0.399913,-0.301256,0.166534,0.078407,0.248959,-0.368377,0.058398,-0.171444,-0.310035,0.139074,0.195149,-0.337272,0.424098,-0.276591,-0.058731,-0.028990,0.224761,0.221806,0.371539,-0.299079,-0.365110,-0.442781,-0.292932,-0.252188,-0.082156,0.055236,-0.126245,0.375270,0.296158,-0.043801,-0.018913,0.295886,0.058602,-0.524780,-0.408273,0.440306,0.342499,0.489825,-0.032055,0.186081,1.178430,0.426032,0.760120,0.468064,0.747092,0.323694,0.618878,1.042891,0.655213
-0.440374,-0.269420,-0.514873,0.136880,0.374345,-0.359158,0.520131,0.150874,-0.353900,-0.173915,-0.303981,-0.216103,0.291663,0.846255,-0.247164,-0.423160,-0.528494,-0.501144,-0.444876,-0.180445,-0.573527,-0.479235,-0.562385,-0.313339,-0.380593,-0.652341,-0.585557,-0.558265,0.265464,0.014753,-0.416214,-0.251274,-0.028678,-0.435112,-0.922380,-0.471987,-0.657168,-0.619678,-0.452619,-0.562960,-0.260456,-0.321707,-0.436586,-0.347971,-0.317304,-0.393074,0.288988,0.247393,-0.158969,0.262659,-0.163590,0.136026,0.098027,-0.007571,0.249618,0.308307,0.488425,0.450269,0.226786,0.168227,0.128307,0.212694,0.000819,-0.173889,-0.098160,-0.030212,-0.501811,0.097711,-0.300388,-0.178169,0.141661,0.249764,-0.147655,0.247160,0.075966,-0.216965,0.062354,-0.022582,-0.140209,0.580041,0.071867,-0.408120,-0.063178,0.147071,-0.348219,-0.377214,-0.379547,-0.376549,-0.367074,-0.335381,-0.430528,-0.295459,0.287419,-0.068366,-0.048762,-0.545663,-0.378617,-0.238504,-0.626118,-0.471015,-0.439122,-0.480340,-0.284611,-0.106848,-0.331186,0.087115,-0.093979,-0.238216,-0.442033,-0.283526,-0.432314,0.247483,-0.066004,0.204175,0.094417,-0.204908,-0.376547,0.274915,-0.430994,-0.078672,-0.201810,0.070564,-0.038338,0.162169,0.348467,-0.000994,-0.285058,-0.311047,-0.409379,-0.434384,-0.312749,-0.320603,-0.331792,-0.061240,-0.006565,0.027618,-0.184298,0.241555,-0.478928,0.119510,0.130566,0.637995,0.988368,0.942048,1.213589,0.835754,0.878733,0.983731,0.495193,0.925470,0.000000,1.083589,0.044205,0.144931,0.693596,0.972895,0.948047,0.783402,0.936973,0.937579,0.684841,0.715526,0.910550,0.172302,0.648575,0.756026,1.148242,-0.162652,0.714146,1.197289,-0.124282,0.574559,-0.037853,0.073764,0.070238,0.014324,0.005510,0.270064,0.081197,0.120381,-0.322725,-0.179081,-0.324757,-0.064665,-0.293622,0.065434,-0.294771,0.183694,-0.084826,0.226234,0.000965,-0.038988,0.302681,0.128930,-0.059670,0.040268,0.142439,0.036511,0.088833,0.107580,0.136212,0.151714,0.443793,0.040861,0.548867,0.178337,0.207613,0.365099,0.151164,0.001961,-0.096733,0.136590,0.655292,0.511634,0.376981,0.561994,-0.041053,0.569888,0.405716,0.349650,-0.161421,0.278140,-0.076151,0.022571,0.421636,0.356831,-0.527597,-0.007900,0.003526,-0.048140,0.281197,0.373125,0.236380,0.665504,-0.129954,-0.335494,-0.053122,0.039776,0.020886,0.089919,0.006980,-0.220004,-0.024440,0.585190,0.414664,0.266884,0.243351,-0.107954,-0.329957,-0.175292,0.472570,0.290408,0.288929,0.027493,-0.229253,0.669119,0.277309,0.413800,0.137811,0.839160,0.125942,0.525438,0.626749,0.110049
-0.475358,-0.351168,-0.339687,0.126920,0.334888,-0.203048,0.552125,-0.073923,-0.171658,0.078767,-0.135752,-0.276752,-0.003283,0.614680,-0.252954,-0.395059,-0.326976,-0.351338,-0.333690,0.071775,-0.344633,-0.201486,-0.399283,-0.057924,-0.279519,-0.265075,-0.283279,-0.348744,0.255192,0.082473,-0.205547,-0.395677,0.195889,-0.307299,-0.726280,-0.243851,-0.363748,-0.548117,-0.252734,-0.346898,-0.086291,-0.173334,-0.346846,-0.275835,-0.280542,-0.258171,0.344310,0.002538,-0.283341,0.161414,-0.164966,0.129805,-0.022047,-0.030058,0.231365,0.083278,0.419109,0.324871,0.336639,0.010036,0.286979,0.013196,-0.146030,-0.156219,-0.125519,-0.152946,-0.574083,-0.020841,-0.147741,-0.173882,0.025146,0.083410,-0.107462,0.204912,0.214594,-0.389788,0.256300,-0.164221,-0.210784,0.451966,0.177086,-0.170120,-0.085089,-0.131460,-0.130943,-0.162646,-0.189457,-0.131128,-0.235234,-0.118034,-0.136028,-0.126913,0.321873,-0.189239,0.098620,-0.344952,-0.291000,-0.133766,-0.501457,-0.279623,-0.214585,-0.425321,-0.171244,-0.007569,-0.218310,0.138123,-0.111828,-0.287352,-0.479789,-0.411032,-0.456862,0.274059,-0.068189,0.038732,-0.094404,-0.186237,-0.195055,0.003344,-0.446700,0.011969,-0.157671,-0.031886,-0.265643,0.298172,0.327328,0.270269,-0.064711,-0.364408,-0.362064,-0.424205,-0.472269,-0.106268,-0.228909,-0.423366,0.024703,-0.338986,-0.224837,0.171961,-0.291062,0.295170,-0.077794,0.479808,1.173042,0.627933,1.678772,1.312068,0.766460,1.448887,0.386520,0.891536,1.083589,0.000000,-0.063880,0.070607,0.683492,0.927352,0.863522,0.915312,1.026580,1.322433,0.711168,0.720340,1.561670,0.142657,0.713988,1.014148,1.551811,-0.291509,0.671013,1.729666,-0.209541,0.410616,-0.122843,0.094925,-0.057010,0.290150,-0.230593,0.149817,0.179178,-0.088244,-0.185083,-0.333994,-0.215398,-0.113760,-0.009646,0.061503,-0.254117,0.131130,-0.148281,0.185164,0.012287,-0.242258,0.252895,0.132657,0.025850,0.065751,-0.088870,0.017211,-0.079238,-0.039162,0.028325,0.235861,0.130933,-0.163804,0.378477,0.018233,-0.036767,0.328657,0.152602,0.000668,-0.004344,-0.040277,0.683252,0.233276,0.013402,0.457283,-0.141607,0.189840,0.239621,0.194492,-0.566072,0.276050,-0.146917,0.092997,0.339335,0.381678,-0.371377,0.088270,-0.050466,-0.165303,0.169451,0.281056,0.149595,0.598763,-0.287552,-0.316237,-0.238502,-0.046617,-0.238348,-0.071358,-0.006843,-0.006853,0.150458,0.667227,0.365147,0.138375,0.394965,0.094437,-0.324391,-0.279447,0.315351,0.076290,0.432188,0.141298,-0.053299,0.624966,0.003172,0.580343,0.195514,0.506463,0.210390,0.308739,0.585566,0.221328
0.240057,-0.001533,0.237399,-0.288236,-0.110577,-0.058448,-0.205283,0.345613,0.083964,-0.136059,-0.205165,0.373377,0.060811,0.041354,0.338261,0.210852,-0.259049,-0.002556,-0.212362,-0.032787,0.075499,-0.269026,-0.205044,0.063497,0.136242,0.082473,0.090904,-0.039068,0.212576,0.117505,-0.356557,0.404152,-0.026347,-0.159493,-0.050937,0.060433,-0.046822,-0.060881,-0.199527,-0.261029,0.020968,-0.316304,-0.130816,-0.368736,-0.371815,-0.363350,0.211668,0.566586,0.196488,-0.549675,-0.299656,0.288414,0.313773,0.457543,0.166948,0.322221,0.092334,0.211878,-0.213911,0.499788,0.035068,0.277213,0.376343,0.261787,0.353758,0.470780,0.238705,0.426762,0.133253,-0.052659,0.309328,0.514278,0.164431,0.286277,-0.029057,0.188716,-0.272102,0.441641,0.362552,-0.373334,0.200098,0.400604,0.487503,0.198196,0.282654,0.057390,-0.117447,-0.197566,-0.066352,-0.220517,-0.088405,-0.011984,-0.309382,-0.387738,-0.187949,0.095089,-0.109030,0.036613,0.140130,-0.023009,-0.252240,0.447556,0.463236,0.243712,0.145411,-0.267374,-0.393195,0.065103,0.101790,0.065157,0.249088,-0.280092,0.077116,-0.261342,0.230970,0.122271,0.063097,0.161848,0.274751,-0.028570,-0.004196,-0.384659,0.170362,-0.360326,-0.311704,-0.367606,0.009723,0.578778,0.287292,0.161441,0.174476,0.011429,-0.043158,0.463486,-0.354811,0.296927,0.290169,0.121964,0.291051,0.033621,0.507608,0.284785,0.033483,0.280490,-0.000785,-0.186899,0.124222,0.080970,-0.011592,-0.076846,0.044205,-0.063880,0.000000,0.392794,-0.129473,-0.078247,0.049311,-0.230219,0.148192,-0.034237,0.070971,-0.034534,-0.220824,0.513351,0.072465,-0.333060,-0.018636,0.285155,0.133996,-0.019236,0.139829,0.224551,0.269421,-0.089446,0.011321,-0.537039,-0.066413,-0.501378,-0.183789,-0.140345,-0.170375,0.050453,0.265217,0.297720,-0.588053,0.170963,0.130422,0.001717,0.088076,-0.465737,-0.244770,-0.207640,-0.741666,-0.486259,-0.304178,-0.013718,0.084585,-0.306088,0.038501,-0.204712,-0.396684,-0.638670,0.252605,-0.012202,-0.007185,-0.227765,0.316135,-0.258834,-0.217004,0.579667,0.343444,0.057189,-0.380712,-0.064992,0.049819,0.164020,-0.069330,0.135683,0.327760,0.123377,0.213479,-0.336702,0.203703,0.276954,0.039184,-0.521046,0.209957,0.230869,0.619802,0.119622,0.512211,0.082424,0.302364,-0.270992,0.237687,0.251019,0.386996,0.399110,0.449454,0.355391,0.183378,0.133046,-0.291990,-0.139276,-0.082057,-0.273144,0.205006,-0.097089,-0.128971,0.529953,-0.263497,0.458946,-0.139518,0.259686,-0.180093,-0.009231,0.475322,-0.249851,-0.037064,0.035465,-0.766789,0.226327,-0.243802,-0.130840
-0.318415,-0.338122,0.424672,-0.420513,-0.036455,0.334598,0.103908,-0.382103,0.014280,0.523561,-0.033302,0.034835,-0.140895,0.029703,0.134308,0.175200,-0.356963,0.144323,0.112595,0.333851,0.099554,-0.190735,0.181947,0.288640,0.299056,0.070842,-0.021213,-0.017658,0.235170,0.292065,-0.186542,0.662959,0.178551,0.293212,0.087208,0.189149,-0.011203,0.176156,-0.178370,-0.056599,0.262586,-0.037204,0.014564,-0.088837,-0.043311,-0.185702,0.258960,0.227382,0.419701,-0.086895,0.291937,0.125855,0.478346,0.292763,0.621062,0.119578,-0.039430,-0.085794,-0.039103,0.157094,-0.188328,0.073953,-0.009389,0.088676,0.214566,0.062355,0.052273,0.210615,0.367001,0.102125,-0.063706,0.418886,0.025674,0.385325,0.132565,0.439189,-0.073454,-0.249079,-0.368043,0.105915,-0.262536,-0.045272,0.009316,-0.356719,0.066435,-0.170589,0.095318,0.148656,0.259877,0.150630,0.228555,0.203890,0.290552,0.022457,0.214440,-0.160272,0.350052,-0.328654,0.146645,-0.467445,0.232626,-0.034326,-0.258355,-0.090469,0.690235,-0.852740,0.336289,0.659817,0.644214,0.641505,0.363231,-0.556659,0.632522,-0.082731,0.090415,0.118452,-0.130813,-0.474719,0.118274,-0.041357,0.153218,0.303825,0.005592,0.137469,0.068528,0.013383,-0.298424,0.174535,-0.099216,-0.152680,-0.268917,0.282591,0.203807,0.193209,-0.043204,0.290524,-0.595201,-0.129129,-0.032922,0.571439,-0.171124,0.019380,0.213964,0.477360,0.127841,0.088955,0.205999,0.319702,-0.205112,0.321739,0.144931,0.070607,0.392794,0.000000,0.079336,0.320342,0.170533,-0.128949,0.230134,0.298774,0.001354,-0.147680,0.194959,0.296723,0.128700,0.168228,0.083987,0.058510,0.092581,0.273302,-0.527080,0.059140,-0.418464,-0.337114,0.105235,-0.150161,-0.647243,-0.368180,0.048478,-0.023098,-0.283433,0.463388,-0.348470,-0.430711,-0.191091,0.029435,-0.038339,-0.205376,-0.037063,-0.149783,-0.182421,-0.115703,-0.059748,0.000717,-0.850791,-0.217990,-0.269967,-1.110368,0.209387,-0.317926,-0.202787,-0.466710,0.071521,-0.353469,0.244774,-0.133860,0.084729,-0.307824,-0.062707,0.079189,0.375674,0.512039,0.154684,-0.162134,0.399517,0.380211,-0.078109,0.143121,0.113007,0.100923,0.308085,0.066713,-0.174796,-0.174637,0.179970,-0.145090,0.196041,0.214245,0.220867,0.304434,0.054803,-0.130869,0.236400,-0.191687,0.013676,0.250010,0.274981,0.042777,0.026654,0.258060,-0.002696,-0.443122,0.039547,-0.205269,-0.464962,-0.665767,0.149873,0.224825,-0.167332,0.103278,-0.153397,0.300087,-0.034066,0.266264,0.131028,0.154855,0.518181,-0.166259,0.232278,0.047634,-0.149758,-0.012746,0.003852,0.062211
-0.691405,-0.683261,-0.270198,0.170501,0.567733,0.016579,0.308661,0.139289,-0.209936,-0.073818,-0.549689,-0.187011,-0.122491,0.476634,-0.517856,-0.370794,-0.131281,-0.216059,-0.073573,0.084917,-0.197160,-0.184629,-0.159968,0.024809,-0.242692,-0.273452,-0.346926,-0.270481,0.300467,0.312477,0.031364,-0.490187,0.214567,-0.047910,-0.374665,-0.177986,-0.425299,-0.494025,-0.006359,-0.133871,-0.038786,0.060745,-0.194221,0.055720,0.103162,-0.070193,0.116263,-0.042357,-0.274672,0.099605,-0.060381,0.228930,-0.116865,-0.127815,-0.117438,-0.168957,0.355617,0.181708,0.109202,-0.156870,0.064605,-0.127746,-0.076629,-0.277119,-0.256450,-0.183910,-0.553575,-0.019388,-0.267395,-0.158713,-0.156525,-0.217980,-0.040658,0.231650,0.165382,-0.102251,0.056601,-0.243320,-0.268685,0.108584,0.084625,-0.199088,-0.321109,0.100590,-0.257497,-0.078189,-0.088472,-0.159937,-0.313860,-0.315972,-0.311923,-0.185799,-0.052679,-0.164728,-0.097155,-0.244021,-0.259878,-0.089455,-0.372007,-0.145698,-0.397644,-0.610994,-0.108378,-0.099735,-0.513002,-0.113472,-0.133670,-0.578399,-0.229416,-0.391396,-0.696673,0.002928,-0.326040,-0.130122,-0.387283,-0.027925,-0.210423,0.296727,-0.048977,0.162491,-0.627543,-0.316759,-0.558341,0.013215,0.351630,0.054572,0.208463,-0.452785,-0.267008,-0.540471,-0.292361,-0.225764,-0.139242,-0.546541,-0.239980,-0.385598,-0.016940,-0.085917,-0.448849,0.353151,-0.331085,0.454623,0.445449,0.653287,0.577287,0.925988,0.944455,0.537799,1.178617,1.062848,0.693596,0.683492,-0.129473,0.079336,0.000000,0.980370,1.190036,1.141709,0.319166,0.508946,0.940083,1.453330,0.556377,0.514134,0.758306,0.791246,0.685978,-0.407459,1.335727,0.849778,-0.095477,0.352259,0.045918,0.284651,0.049797,0.437660,-0.134548,-0.129740,0.425703,0.205904,-0.164626,-0.191758,-0.050083,-0.197345,0.107284,0.166166,-0.104541,-0.062873,-0.455457,0.159640,0.211666,-0.207890,0.162624,0.182608,0.222373,0.027510,0.129355,0.141112,0.044990,0.133925,0.214700,0.311418,0.101126,-0.353010,0.491119,0.238900,-0.286244,0.361350,0.240326,-0.124419,-0.387039,-0.401282,0.611106,0.350866,-0.080456,0.021815,-0.207317,0.134352,-0.138663,-0.028412,-0.428028,-0.124383,0.067726,-0.083683,0.041840,0.221855,-0.250823,0.386331,-0.195353,0.118874,0.173164,0.109503,0.099613,0.272802,-0.498342,-0.302426,-0.365103,-0.329424,-0.380412,-0.263581,-0.119380,0.171519,0.457402,0.273658,0.107379,0.116310,0.208807,0.073400,-0.620853,-0.171501,0.106524,0.041993,0.320425,0.029445,0.097381,0.531737,0.368868,0.769506,0.334966,0.369816,0.393579,0.494066,0.663152,0.572470
-0.776598,-0.600611,-0.330924,0.088459,0.567740,0.026866,0.403549,-0.241294,-0.250104,0.129595,-0.384106,-0.243137,-0.124026,0.663546,-0.522184,-0.499640,-0.411349,-0.180556,-0.085602,0.225032,-0.313089,-0.404064,-0.143483,-0.054429,-0.201280,-0.345924,-0.478667,-0.245675,0.163426,0.374307,-0.095143,-0.255842,0.417477,-0.023070,-0.481529,-0.287342,-0.539266,-0.445797,-0.182638,-0.225038,-0.153902,-0.086259,-0.404875,-0.139919,-0.125451,-0.293481,0.195634,-0.023788,-0.247043,0.173153,-0.164818,0.135465,0.014077,-0.097993,0.118175,-0.041620,0.395722,0.110204,0.307913,-0.155320,0.059542,-0.115353,-0.151606,-0.380346,-0.210963,-0.242543,-0.465326,0.039357,-0.144493,-0.192183,-0.167681,0.042926,-0.048047,0.307047,0.003784,-0.036651,0.043286,-0.278928,-0.346833,0.217072,-0.016101,-0.342604,-0.419868,-0.087667,-0.474211,-0.132470,-0.092571,-0.115330,-0.297226,-0.226679,-0.222638,-0.213738,0.174801,-0.052932,-0.053512,-0.356275,-0.234536,-0.028034,-0.349872,-0.396884,-0.344321,-0.476009,-0.259709,0.152345,-0.320584,-0.122917,0.022103,-0.302471,-0.145496,-0.172599,-0.425256,0.176864,-0.047901,0.138542,-0.209312,-0.083395,-0.330420,0.140752,-0.351266,0.154984,-0.128253,0.015319,-0.565195,0.265153,0.412580,0.009165,-0.025281,-0.550018,-0.298335,-0.907458,-0.254357,-0.347791,-0.149833,-0.370683,-0.230412,-0.325463,-0.227811,0.201256,-0.512846,0.395563,-0.312576,0.286570,0.672413,0.972974,0.896486,1.093464,1.146910,0.935369,0.395324,1.079079,0.972895,0.927352,-0.078247,0.320342,0.980370,0.000000,1.145024,0.858201,0.676786,0.754890,0.908583,0.659360,0.831362,0.329020,0.528221,1.056770,1.048775,-0.434616,1.017159,1.235684,-0.450572,0.283896,-0.256280,0.311402,-0.050107,0.369081,-0.273094,0.004871,0.155085,0.245218,-0.339134,-0.186188,-0.461515,-0.386815,-0.024625,-0.066444,-0.001448,-0.189004,-0.405846,0.262099,0.157013,-0.207976,0.241849,0.079548,0.013078,0.109969,0.113324,-0.129331,-0.016070,0.136070,0.337449,0.363108,0.100971,-0.326320,0.484579,0.243575,-0.144325,0.320059,0.258256,-0.274445,-0.190805,-0.077180,1.015535,0.434693,0.141946,0.353952,-0.262718,0.394439,0.177837,0.013150,-0.322320,0.140425,0.004652,-0.180270,0.152967,0.429225,-0.143607,0.282220,-0.118084,0.093878,0.114890,0.164903,0.240015,0.296218,-0.674664,-0.092585,-0.230082,-0.265039,-0.457409,-0.103993,-0.082367,-0.035322,0.277792,0.270446,0.171328,-0.063806,0.265998,0.081171,-0.284660,-0.195062,0.158372,0.168119,0.307669,0.020849,0.058384,0.602879,0.478766,0.656052,0.543454,0.366879,0.537793,0.414888,0.655510,0.457810
-0.402945,-0.417906,-0.179342,0.305986,0.711483,-0.228856,0.197166,0.074404,-0.588991,-0.111812,-0.567920,-0.016625,0.147868,0.884184,-0.540356,-0.493792,-0.510192,-0.493558,-0.367714,-0.047206,-0.408053,-0.512401,-0.439617,-0.260819,-0.470937,-0.519638,-0.740078,-0.498588,0.214547,0.245136,-0.300843,-0.448873,0.100900,-0.205948,-0.645450,-0.306231,-0.833389,-0.780187,-0.402263,-0.501901,-0.298733,-0.303033,-0.612296,-0.352965,-0.286878,-0.442649,0.136756,0.286278,-0.320377,0.218347,-0.139817,0.414883,-0.025875,-0.147519,0.004672,0.088047,0.522529,0.288787,0.135507,0.014151,-0.153178,0.106764,-0.211813,-0.573913,-0.528541,-0.367340,-0.910935,-0.037643,-0.485158,-0.466237,-0.297013,0.005702,-0.342050,0.491904,-0.075822,0.043912,-0.166514,0.076286,-0.031430,0.232453,-0.080542,-0.322410,-0.458735,0.127310,-0.354047,-0.290922,-0.417567,-0.470716,-0.574136,-0.605013,-0.533677,-0.549021,-0.064341,-0.354375,-0.352059,-0.405186,-0.618213,-0.168209,-0.534529,-0.442212,-0.630533,-0.407685,-0.075598,-0.025969,-0.539936,-0.036588,-0.359710,-0.573235,-0.235081,-0.271715,-0.624273,0.065279,-0.386250,-0.244191,-0.036544,-0.391315,-0.432345,0.352201,-0.173017,-0.078676,-0.349877,-0.147310,-0.476603,-0.084024,0.194777,-0.227171,-0.138115,-0.474036,-0.277395,-0.536156,-0.272874,-0.477769,-0.482120,-0.263259,-0.413506,-0.189129,-0.058218,0.097481,-0.432959,0.292214,-0.066247,0.773928,0.710225,1.207807,0.976491,0.971532,1.838728,0.956202,0.841057,1.452987,0.948047,0.863522,0.049311,0.170533,1.190036,1.145024,0.000000,1.172296,0.699120,0.668223,0.851132,1.081838,0.667990,0.443793,0.803682,0.822006,1.074512,-0.094487,1.591082,1.080562,0.049369,0.523402,0.101498,0.212389,0.289619,0.233136,0.064004,0.104817,0.415531,0.328425,-0.511856,-0.130598,-0.195771,-0.051584,-0.202196,0.340828,-0.020790,0.153102,-0.183726,0.264271,0.138832,-0.250039,0.143239,0.090797,0.016460,0.057036,0.296845,0.009490,0.005014,0.169513,0.375554,0.243565,0.326011,-0.043515,0.857585,0.459239,0.132726,0.663104,0.478376,0.095076,-0.289780,-0.270187,0.707464,0.410914,0.155375,0.330702,-0.393293,0.266974,0.246500,0.238079,-0.391326,-0.092995,-0.009192,-0.200690,0.059219,0.200436,-0.238187,0.608988,-0.287310,-0.104434,0.022789,0.261566,0.344247,0.347040,-0.295894,-0.299316,-0.540720,-0.193976,-0.113873,-0.035226,0.198655,0.177577,0.318846,0.217800,0.050140,0.022919,0.378900,-0.119048,-0.369884,-0.272747,0.353810,0.422537,0.450880,-0.151510,0.027223,1.062028,0.576631,0.836579,0.425287,0.705503,0.242855,0.833919,0.872142,0.585645
-0.466421,-0.425327,-0.437368,0.299257,0.594087,-0.159721,0.472047,-0.031450,-0.303742,-0.090780,-0.347119,-0.242904,-0.130475,0.583958,-0.786429,-0.460268,-0.131712,-0.320237,-0.180528,0.008323,-0.198203,-0.205675,-0.371347,-0.250106,-0.379682,-0.266032,-0.404951,-0.306014,0.064426,0.178611,0.019557,-0.684849,0.143429,-0.245725,-0.561890,-0.169451,-0.464604,-0.541830,-0.102636,-0.196971,-0.225893,-0.104130,-0.333594,-0.085539,-0.043001,-0.099225,-0.027941,-0.062938,-0.468427,0.186763,-0.143001,0.269248,-0.190750,-0.222022,-0.131904,-0.070043,0.454041,0.150582,0.065094,-0.248549,-0.101057,-0.138275,-0.278347,-0.558222,-0.505748,-0.475440,-0.686075,-0.237997,-0.406263,-0.241455,-0.249104,-0.264960,-0.264706,0.245876,0.144446,-0.365276,0.026845,-0.077962,-0.182741,0.260316,0.018164,-0.231420,-0.296911,-0.105672,-0.301304,-0.111516,-0.192269,-0.202028,-0.433283,-0.317331,-0.443153,-0.332324,0.037326,-0.160889,-0.145242,-0.253021,-0.377012,-0.113970,-0.527454,-0.223608,-0.368162,-0.402414,-0.117874,-0.154404,-0.528236,0.171404,-0.205886,-0.602772,-0.561694,-0.571258,-0.864877,0.299871,-0.389263,-0.125324,-0.253618,-0.275843,-0.205219,0.163105,-0.177103,0.142835,-0.315091,-0.173021,-0.590670,0.069535,0.420883,0.008595,0.042624,-0.635501,-0.214955,-0.659176,-0.256761,-0.261332,-0.298435,-0.535262,-0.165621,-0.422746,-0.078025,-0.150142,-0.347764,0.457368,-0.089560,0.696748,0.731899,0.648333,0.848095,1.278721,1.015712,0.684106,0.972970,1.035816,0.783402,0.915312,-0.230219,-0.128949,1.141709,0.858201,1.172296,0.000000,0.459957,0.637435,0.887768,1.071483,0.671610,0.376432,0.905188,0.986844,0.844765,-0.212094,1.019918,1.031256,0.043477,0.610475,0.050988,0.208000,0.154792,0.476410,-0.040464,0.067185,0.544061,0.088694,-0.275693,-0.491099,-0.264130,-0.161025,0.015152,0.213151,-0.135889,0.019200,-0.265955,0.371312,0.273782,-0.120627,0.324885,0.292083,0.298918,0.179891,0.085819,0.302457,0.004677,0.219483,0.411853,0.462836,0.068587,-0.195760,0.562522,0.295841,-0.152098,0.486589,0.253186,-0.107585,-0.537873,-0.480330,0.555302,0.203936,-0.105546,0.058267,-0.417302,0.117218,0.007291,-0.017123,-0.567392,0.019818,-0.115731,-0.206727,0.033410,0.161116,-0.447439,0.290067,-0.407792,-0.130317,0.055926,0.254829,0.196687,0.565979,-0.480951,-0.481276,-0.660521,-0.371384,-0.354227,-0.323653,-0.004186,0.162691,0.476452,0.491205,0.215520,0.266141,0.083396,0.050944,-0.367908,-0.497340,0.207919,-0.006930,0.494401,0.000582,0.193306,0.757585,0.218405,0.951336,0.347493,0.534107,0.377246,0.584331,0.827932,0.542651
-0.286365,-0.236851,-0.145400,0.282326,0.196088,-0.180214,0.345245,0.018104,-0.285880,0.114248,0.001724,-0.189365,0.229918,0.515318,-0.070113,-0.200659,-0.451815,-0.398718,-0.401155,0.046576,-0.455372,-0.380201,-0.450601,-0.105868,-0.221706,-0.431841,-0.407170,-0.369184,0.155414,0.210412,-0.379017,-0.106675,0.060275,-0.249204,-0.530261,-0.287869,-0.507982,-0.438727,-0.502213,-0.582836,-0.187196,-0.369441,-0.372728,-0.502500,-0.528973,-0.496449,0.490155,0.310582,-0.012120,0.291792,-0.199775,0.150525,0.212585,0.085247,0.304601,0.303535,0.366974,0.374553,0.475958,0.327726,0.164905,0.163208,0.064196,-0.054184,-0.009740,0.007879,-0.589264,0.070343,-0.113642,-0.123338,0.201552,0.308103,-0.206170,0.116549,-0.016567,-0.078509,0.233242,-0.090904,-0.155619,0.442347,-0.038339,-0.220215,-0.020739,-0.079508,-0.208785,-0.309512,-0.381753,-0.350058,-0.238067,-0.215849,-0.203671,-0.292124,0.308303,-0.250709,-0.032414,-0.439205,-0.384401,-0.231497,-0.529644,-0.574813,-0.326643,-0.182979,-0.276604,-0.020912,-0.159328,0.065303,-0.196002,-0.160349,-0.177628,-0.058078,-0.361281,0.109810,0.101735,0.097694,0.032638,-0.277912,-0.292320,0.055228,-0.254366,-0.190095,-0.081989,0.118699,-0.046223,0.121126,0.094506,0.010143,-0.274936,-0.135203,-0.530500,-0.295588,-0.301815,-0.224132,-0.375917,-0.048448,0.040525,-0.089903,-0.306938,0.292131,-0.385669,0.183388,0.065050,0.485786,0.923810,0.640121,1.352331,0.625958,0.670237,1.235730,0.163927,0.729915,0.936973,1.026580,0.148192,0.230134,0.319166,0.676786,0.699120,0.459957,0.000000,1.014567,0.287052,0.457902,0.999147,0.066483,0.647882,0.755923,1.244533,-0.007003,0.460741,1.020670,-0.170845,0.481184,-0.160707,0.071248,0.039343,0.073184,-0.161835,0.284791,0.117217,-0.020012,-0.305005,-0.043445,-0.194525,-0.129161,-0.177841,0.094090,-0.134369,0.233476,0.052627,0.274694,-0.053800,-0.070446,0.217937,0.074226,-0.197868,0.135608,0.071322,-0.144243,0.078512,0.000935,0.012811,0.175146,0.225336,-0.030257,0.284715,0.091249,0.266893,0.344875,0.265751,0.071677,0.220319,0.118701,0.585248,0.329884,0.260325,0.842476,-0.030064,0.256488,0.333317,0.413823,-0.243771,0.206134,-0.228729,-0.092462,0.353241,0.141617,-0.303077,0.106106,0.086665,-0.150663,0.123134,0.211528,0.162529,0.333142,-0.045399,-0.117360,0.013770,0.056784,-0.023919,0.148896,0.025180,-0.219466,-0.125581,0.431200,0.143237,0.063810,0.353949,0.120852,-0.178359,-0.231429,0.377899,0.305560,0.193962,0.167004,-0.084559,0.749054,0.146547,0.348205,0.213019,0.641331,0.079986,0.265833,0.631774,0.123971
-0.621549,-0.483676,-0.268596,0.025191,0.090810,-0.045678,0.660005,-0.116807,-0.074147,0.195108,0.051585,-0.322353,0.029427,0.523146,-0.076470,-0.239218,-0.322821,-0.151091,-0.193333,0.095425,-0.385583,-0.135856,-0.287523,-0.003706,-0.283120,-0.293311,-0.216427,-0.256010,0.091488,0.086371,-0.173934,-0.161493,0.132205,-0.238844,-0.549545,-0.289537,-0.329994,-0.451127,-0.214649,-0.317006,-0.115347,-0.157985,-0.289909,-0.281097,-0.282470,-0.213182,0.366921,0.060171,-0.136282,0.343507,-0.123601,0.091146,0.142001,-0.037109,0.476398,0.165066,0.293810,0.284402,0.424707,0.114202,0.257735,0.079572,0.012403,-0.021302,-0.006717,-0.017431,-0.482004,0.014493,0.003984,-0.015464,0.127854,0.111189,-0.013133,0.334412,0.406478,-0.411444,0.383018,-0.231422,-0.313223,0.659624,0.091981,-0.136907,-0.064539,-0.331917,-0.188269,-0.160197,-0.014310,0.021467,-0.004571,0.084357,0.062903,0.076524,0.632623,-0.056043,0.357463,-0.372966,-0.039979,-0.260884,-0.438731,-0.343479,-0.066012,-0.484083,-0.236849,-0.223837,0.036583,-0.118616,0.065848,-0.029854,-0.347372,-0.243799,-0.302632,0.071786,0.153614,0.065073,0.035179,-0.087282,-0.098507,-0.230233,-0.337015,0.051294,-0.120559,0.064056,-0.126918,0.531209,0.431380,0.456514,-0.123682,-0.194993,-0.419587,-0.341116,-0.543654,-0.010692,-0.074098,-0.326492,0.148730,-0.239344,-0.446310,0.078601,-0.183158,0.450193,-0.162267,0.498611,1.047799,0.588125,1.195509,0.926865,0.636961,1.120906,0.250847,0.823030,0.937579,1.322433,-0.034237,0.298774,0.508946,0.754890,0.668223,0.637435,1.014567,0.000000,0.513685,0.467918,1.386062,0.142930,0.758367,0.989375,1.000158,-0.328111,0.473941,1.318569,-0.408265,0.468861,-0.404630,-0.109145,-0.082847,0.218053,-0.398899,0.158766,0.214551,-0.291942,-0.236597,-0.081752,-0.307498,-0.198875,0.051089,-0.017236,-0.354205,0.218482,-0.098335,0.092752,-0.047191,-0.228599,0.292790,0.181324,-0.235183,-0.057092,-0.302360,-0.136254,-0.030848,-0.237410,-0.081960,0.131864,0.108205,-0.256601,0.389740,-0.132798,0.025007,0.138260,0.022563,-0.034682,0.086796,0.087175,0.546418,0.047947,0.068667,0.614629,-0.051413,0.117706,0.246364,0.338207,-0.365364,0.518070,-0.145816,0.016890,0.502804,0.225431,-0.316297,0.037117,0.006220,-0.149456,0.163754,0.053103,0.182470,0.479794,-0.165767,-0.254497,-0.074396,-0.001777,-0.154738,0.050032,-0.035155,-0.267750,-0.075035,0.497438,0.135885,-0.059961,0.329901,0.225456,-0.358188,-0.300301,0.260360,0.115667,0.509570,0.300089,-0.112633,0.590078,0.042387,0.369716,0.177141,0.532971,0.096157,0.201201,0.609875,0.096000
-0.466288,-0.357461,-0.345486,-0.096661,0.311732,-0.180298,0.216205,0.051804,-0.112605,-0.026653,-0.415212,-0.000291,-0.120635,0.479751,-0.378337,-0.452343,-0.212537,-0.094350,-0.139671,0.083653,-0.242741,-0.194992,-0.166928,-0.112317,-0.338166,-0.188247,-0.226687,-0.228786,0.089716,0.103552,-0.068317,-0.411297,0.378559,-0.332305,-0.477448,-0.295628,-0.299277,-0.506645,-0.020133,-0.122981,-0.231950,-0.013629,-0.250301,-0.079192,-0.038794,-0.203128,0.030646,-0.059879,-0.483047,-0.047865,-0.225950,0.169144,-0.204473,-0.101046,0.040414,-0.041896,0.380092,0.233387,0.277159,-0.081828,0.233996,-0.038107,-0.048471,-0.203901,-0.161759,-0.053506,-0.278233,0.115912,-0.194313,-0.213029,-0.103698,-0.031885,0.103723,0.257430,0.082631,-0.275577,-0.002233,-0.039436,-0.102962,-0.010978,0.275296,-0.103741,-0.282189,0.141874,-0.330755,-0.006116,-0.076549,-0.162723,-0.427272,-0.316392,-0.268646,-0.142480,-0.065355,-0.148991,-0.112107,-0.181229,-0.292952,0.104798,-0.278754,-0.053792,-0.445983,-0.302987,0.110968,0.252247,-0.433943,0.025680,-0.221726,-0.547433,-0.432488,-0.497661,-0.403473,0.264519,-0.318870,-0.031191,-0.183065,-0.073644,-0.210079,0.345520,-0.373834,0.135476,-0.200142,-0.336709,-0.505229,0.076551,0.228443,-0.036207,0.143838,-0.300344,-0.072320,-0.519515,-0.148849,-0.367511,-0.130871,-0.372082,-0.379046,-0.392755,0.131824,0.206172,-0.188964,0.274795,-0.104494,0.369242,0.433145,0.637774,0.496957,0.768868,0.779022,0.509966,0.658819,0.666508,0.684841,0.711168,0.070971,0.001354,0.940083,0.908583,0.851132,0.887768,0.287052,0.513685,0.000000,0.729384,0.412783,0.364529,0.481609,0.517179,0.622128,-0.430090,1.058848,0.754225,-0.069651,0.220144,0.117718,0.272713,-0.195011,0.182391,-0.126221,-0.057075,0.055977,0.098651,-0.116930,-0.301643,-0.174802,-0.079905,-0.090851,-0.087936,-0.015083,-0.044192,-0.275913,-0.045281,0.105615,-0.275665,-0.043841,-0.136933,0.197489,0.065638,0.149823,0.130281,-0.185480,0.016369,0.178264,0.232132,0.212371,-0.212997,0.374310,0.116168,-0.152693,0.244115,0.121495,-0.014233,-0.170220,-0.286466,0.562706,0.306458,-0.089155,0.123783,-0.127607,0.353934,0.230397,-0.018942,-0.334292,0.006907,0.157836,0.177450,0.049527,0.368013,-0.232688,0.194416,0.008689,-0.069959,0.260970,0.065874,0.306073,0.282769,-0.542859,-0.144600,-0.255438,-0.117588,-0.272554,-0.110142,0.008318,0.265379,0.150634,0.154313,0.338536,0.149042,0.337792,-0.059000,-0.286754,-0.000189,0.055688,0.093946,0.366219,0.014536,-0.129231,0.353769,0.285848,0.453468,0.331652,0.209264,0.258340,0.374845,0.356735,0.262017
-0.425831,-0.473970,-0.273773,0.310449,0.491640,-0.172705,0.238870,0.432096,-0.266105,-0.249912,-0.518416,-0.096874,0.066359,0.505190,-0.368896,-0.340285,-0.144059,-0.418295,-0.300666,-0.146889,-0.291536,-0.219599,-0.427565,-0.075758,-0.343114,-0.380690,-0.374592,-0.400522,0.360993,0.185650,-0.124396,-0.583788,-0.037095,-0.220449,-0.496754,-0.237971,-0.490441,-0.665370,-0.129723,-0.314492,-0.073786,-0.103973,-0.227609,-0.108094,-0.097279,-0.193388,0.222541,0.116139,-0.296388,0.072537,-0.197183,0.294582,-0.131606,-0.076001,-0.192609,0.001957,0.457660,0.404839,0.123663,0.074767,0.144833,0.023629,0.002768,-0.184145,-0.231795,-0.063639,-0.637856,0.040470,-0.398303,-0.222282,0.005691,-0.177496,-0.130968,0.113839,0.125514,-0.169182,0.076404,-0.055579,-0.050223,0.067358,0.169300,-0.094444,-0.139766,0.293204,-0.121955,-0.109527,-0.277064,-0.356052,-0.410850,-0.441192,-0.425594,-0.301358,-0.165551,-0.395132,-0.211468,-0.222120,-0.472240,-0.062975,-0.448183,-0.111630,-0.514738,-0.443268,0.016804,-0.058343,-0.655235,0.103469,-0.390477,-0.766121,-0.392691,-0.540134,-0.748084,0.071265,-0.459057,-0.204483,-0.294339,-0.103616,-0.182803,0.460324,-0.062493,0.007865,-0.747081,-0.445167,-0.338504,-0.193713,0.136142,-0.041783,0.222303,-0.258886,-0.271197,-0.290099,-0.169435,-0.275862,-0.323844,-0.435026,-0.191078,-0.360440,0.171517,0.046185,-0.367079,0.125689,-0.123791,0.599547,0.452866,0.510767,0.664714,0.732486,0.822365,0.567918,1.357787,0.826432,0.715526,0.720340,-0.034534,-0.147680,1.453330,0.659360,1.081838,1.071483,0.457902,0.467918,0.729384,0.000000,0.534435,0.421797,0.838099,0.620722,0.778240,-0.272593,1.159925,0.761974,0.138499,0.459234,0.227316,0.322212,0.076073,0.252675,0.062650,-0.027268,0.312415,0.126265,-0.088604,-0.236382,0.208707,0.070478,0.032566,0.261714,-0.105130,0.105677,-0.295879,0.103477,0.062404,-0.228907,0.031531,0.075148,0.267312,0.083341,0.221386,0.246947,-0.024396,0.125664,0.092597,0.240380,0.193462,-0.159896,0.414874,0.215310,-0.111368,0.471871,0.279286,0.081085,-0.292880,-0.422358,0.469642,0.456419,-0.080864,0.092307,-0.090492,0.067701,-0.043253,0.121919,-0.531761,-0.265555,0.017875,0.030474,0.051169,0.110078,-0.327639,0.310353,-0.085518,0.020839,0.264935,0.198147,0.058344,0.334506,-0.263419,-0.365442,-0.330868,-0.133565,-0.168032,-0.189917,-0.008497,0.305075,0.315565,0.435149,0.224909,0.298604,0.287091,-0.046029,-0.523495,-0.117638,0.182697,0.063988,0.228162,0.011439,-0.058175,0.534583,0.227331,0.720708,0.078547,0.456058,0.160868,0.504309,0.607283,0.389218
-0.621448,-0.436662,-0.313170,0.137177,0.236720,-0.008894,0.664460,-0.208075,-0.116805,0.169995,0.035346,-0.489401,-0.003912,0.479066,-0.220267,-0.233616,-0.301748,-0.321433,-0.240634,0.161738,-0.264278,-0.159725,-0.268466,0.032739,-0.123335,-0.222745,-0.244760,-0.319413,0.250151,0.161428,-0.157424,-0.293550,0.208538,-0.160951,-0.635161,-0.134403,-0.286298,-0.381404,-0.257912,-0.322256,0.011052,-0.105862,-0.263309,-0.206203,-0.203831,-0.157661,0.323275,-0.075450,-0.085123,0.346138,-0.026378,0.005720,0.093845,-0.040906,0.281078,0.017721,0.232955,0.165421,0.408977,-0.050760,0.260804,-0.034485,-0.154643,-0.078897,-0.072500,-0.180242,-0.553147,-0.107521,0.000595,-0.089077,-0.000995,0.049663,-0.106790,0.153240,0.304857,-0.348304,0.443494,-0.340630,-0.394254,0.663553,0.030075,-0.246870,-0.122392,-0.291237,-0.111739,-0.175945,-0.073100,0.027287,-0.006436,0.093927,0.061044,-0.009228,0.568427,0.028539,0.275672,-0.379684,-0.095112,-0.240987,-0.496498,-0.343542,-0.015832,-0.550374,-0.436878,-0.175663,-0.048473,0.005082,0.121676,-0.082129,-0.303393,-0.225990,-0.406844,0.185562,0.118878,0.180685,-0.126486,-0.110397,-0.145454,-0.156160,-0.361249,0.028480,-0.178464,0.181071,-0.143129,0.503765,0.424794,0.498492,-0.105515,-0.390305,-0.533623,-0.347405,-0.657111,0.049182,-0.087822,-0.362186,0.262187,-0.243830,-0.468959,0.052308,-0.361685,0.304992,-0.277707,0.280982,1.052799,0.517118,1.427200,1.119166,0.579250,1.291810,0.204555,0.836190,0.910550,1.561670,-0.220824,0.194959,0.556377,0.831362,0.667990,0.671610,0.999147,1.386062,0.412783,0.534435,0.000000,0.008141,0.609261,1.196298,1.237652,-0.336227,0.445837,1.366952,-0.418088,0.319240,-0.356980,-0.011465,-0.016482,0.379940,-0.327858,0.206658,0.218714,-0.142935,-0.094072,-0.187470,-0.266025,-0.275254,0.184029,0.017440,-0.382045,0.088309,-0.174621,0.292940,0.047572,-0.106795,0.470002,0.354131,-0.066727,0.055930,-0.207658,-0.070090,0.034699,-0.062713,0.032819,0.269240,0.039496,-0.225371,0.310350,0.012045,-0.082556,0.250018,0.150826,-0.151727,0.022332,0.108436,0.734029,0.200786,0.068136,0.505035,-0.108860,0.177010,0.101668,0.201280,-0.414141,0.380175,-0.260981,-0.073475,0.356751,0.373799,-0.369286,-0.007826,-0.139885,-0.153006,0.047613,0.124368,-0.043335,0.571530,-0.199437,-0.292653,-0.174633,-0.111490,-0.267486,-0.081057,-0.124668,-0.239714,0.167248,0.719563,0.207859,0.020753,0.266240,0.265156,-0.313366,-0.397995,0.349418,-0.026872,0.378570,0.180574,0.037604,0.572016,-0.090781,0.549698,0.189010,0.504925,0.311231,0.145254,0.600379,0.226993
-0.262079,-0.680347,-0.069858,-0.070833,0.159699,0.185589,0.257433,0.018302,0.175539,-0.064104,-0.580775,0.041893,-0.363818,0.190589,-0.171899,-0.208467,0.176028,0.270585,0.254196,0.194709,0.054252,0.022625,0.088642,0.094222,0.027839,0.029700,-0.001903,0.244458,0.062699,0.413719,0.267562,0.052132,0.151428,0.140790,0.110725,-0.085463,-0.213807,-0.065897,0.310242,0.220940,0.049181,0.152846,0.058471,0.157592,0.179284,0.106170,0.068851,0.024669,-0.170335,-0.473967,-0.383289,0.244139,-0.022556,-0.017778,-0.042240,-0.079330,0.344588,0.013157,-0.401806,-0.181070,-0.039259,-0.216799,0.039840,-0.059001,0.122644,0.090424,0.026299,0.174035,0.031757,0.209112,0.080586,-0.185098,0.311359,0.355595,0.354374,-0.019927,-0.269901,-0.020121,0.112630,-0.315474,0.285480,0.478306,0.171501,-0.136965,0.019727,0.343635,0.215438,0.154252,0.071740,-0.050563,-0.155354,0.117278,-0.094364,-0.307033,0.036351,0.288240,0.070259,0.140257,0.190212,0.166779,-0.066689,0.127862,0.413051,0.111124,-0.051067,-0.343560,-0.147494,-0.210907,-0.077748,-0.319521,-0.255288,-0.130480,-0.109687,-0.325612,-0.317652,0.296842,0.289342,0.026767,0.332888,0.512992,-0.175174,-0.573575,-0.458315,-0.037561,0.372379,-0.099503,0.438089,0.019983,0.386445,-0.320766,0.052873,0.132371,0.179492,-0.120695,-0.215396,-0.028996,0.255836,-0.266903,0.146378,0.516035,0.032422,0.359382,0.174218,0.427818,0.104207,0.339115,0.540975,0.175213,0.509809,0.322948,0.172302,0.142657,0.513351,0.296723,0.514134,0.329020,0.443793,0.376432,0.066483,0.142930,0.364529,0.421797,0.008141,0.000000,0.514210,0.212275,0.103798,0.019048,0.583980,0.316624,-0.060998,0.592478,0.050820,0.259636,0.054268,0.130747,-0.312986,-0.828491,0.354276,-0.174902,-0.271289,-0.191619,0.020669,-0.025671,-0.040425,0.302736,0.165708,-0.356370,-0.511541,-0.161243,0.056525,-0.364447,-0.335515,-0.081704,0.061203,0.071931,-0.119121,-0.103247,0.077351,-0.044665,-0.086011,-0.189134,-0.168095,-0.534518,0.225005,-0.202793,-0.269841,-0.237394,-0.318809,0.064196,-0.347073,-0.472776,-0.139723,-0.115136,-0.340028,-0.268354,-0.436275,-0.045179,-0.114628,-0.342209,-0.167373,-0.153596,0.380135,0.129189,0.056075,-0.364555,0.052108,0.503131,0.044183,0.200259,0.450576,0.099100,0.295005,0.003649,-0.322528,-0.030400,-0.072545,-0.130094,-0.134224,-0.159990,-0.092678,0.323599,0.427026,-0.002993,0.045463,-0.333661,-0.032840,0.275347,-0.348062,0.069406,-0.442129,0.110188,0.202078,0.463713,0.150393,0.236322,0.866979,0.351194,0.354421,0.041456,-0.155893,0.471616,0.352135,0.354441
-0.593650,-0.750612,-0.287138,0.348407,0.216220,-0.048938,0.510215,0.112591,-0.123069,0.013572,-0.340226,-0.223751,0.020294,0.356607,-0.288552,-0.197525,-0.120761,-0.214382,-0.152343,0.164189,-0.239972,-0.202273,-0.397426,-0.054036,-0.248397,-0.270256,-0.194808,-0.277225,-0.031254,0.272834,-0.049260,-0.259752,0.055923,-0.311647,-0.405955,-0.172530,-0.389430,-0.296764,-0.128867,-0.237796,-0.197157,-0.120597,-0.228890,-0.153429,-0.141381,-0.111018,0.280672,0.115230,-0.176090,0.195767,-0.236484,0.318068,0.055078,-0.133904,0.142942,0.107795,0.375782,0.264891,0.086269,0.005143,0.050162,0.045390,0.145643,-0.114250,-0.088131,-0.061243,-0.567468,0.063568,-0.060696,0.013396,0.080672,-0.130973,-0.058013,0.316994,0.432620,-0.378213,0.095123,-0.126412,-0.096049,0.283779,0.068586,0.058382,-0.070595,-0.177075,-0.124489,-0.089603,-0.125261,-0.147493,-0.111904,-0.204637,-0.248359,-0.105196,0.232124,-0.255785,0.064042,-0.155877,-0.145300,-0.209714,-0.452691,-0.177367,-0.205820,-0.226972,-0.038857,-0.348978,-0.188792,-0.092121,-0.295247,-0.383726,-0.425644,-0.447879,-0.645201,0.001879,-0.201442,-0.252077,-0.176459,-0.067555,0.008223,0.050405,0.123410,0.134651,-0.453629,-0.187971,-0.196738,0.104873,0.406316,0.092838,0.106518,-0.101349,-0.271316,-0.290434,-0.258212,-0.045382,-0.149178,-0.287295,-0.012340,-0.130293,-0.102449,-0.173005,-0.158722,0.478664,-0.092142,0.793880,0.573177,0.592195,0.736499,0.764568,0.710776,0.610844,0.811036,0.799959,0.648575,0.713988,0.072465,0.128700,0.758306,0.528221,0.803682,0.905188,0.647882,0.758367,0.481609,0.838099,0.609261,0.514210,0.000000,0.788304,0.665619,-0.152026,0.717283,0.912171,-0.117384,1.042540,-0.163574,0.147444,0.247079,0.274017,-0.226429,-0.037364,0.469265,-0.239468,-0.330982,-0.313089,-0.092934,-0.044961,0.039625,0.313021,-0.071084,0.152825,-0.194017,0.167247,0.089889,-0.158619,0.157386,0.250960,-0.036065,0.117698,-0.143625,0.061452,0.083665,-0.097041,0.045573,0.171229,0.015677,-0.241277,0.434175,0.040513,0.012948,0.187117,0.047740,0.147436,-0.274455,-0.416573,0.342434,0.096873,-0.156158,0.233469,-0.241854,-0.021772,0.032136,0.179544,-0.305943,0.065019,-0.012831,-0.141635,0.160203,-0.130104,-0.487821,0.388621,-0.093320,-0.040606,0.294094,-0.038829,0.240692,0.500709,-0.088291,-0.178668,-0.162873,-0.056907,-0.022659,-0.009310,-0.002608,0.054318,0.205165,0.482642,0.116807,0.152341,0.152628,0.315824,-0.517300,-0.302758,0.086095,0.103544,0.552276,0.454384,0.056976,0.677377,0.243899,0.560591,0.211996,0.475307,0.044303,0.492078,0.791278,0.283166
-0.885802,-0.702261,-0.446607,0.225571,0.344660,0.156373,0.656629,-0.318252,-0.105626,0.233062,-0.010477,-0.683478,-0.225592,0.424553,-0.544700,-0.233367,-0.084296,-0.101921,0.063037,0.338727,-0.128529,-0.069882,-0.072325,0.016952,-0.067750,-0.130114,-0.258775,-0.088056,0.042805,0.479038,0.167372,-0.330489,0.395777,0.048018,-0.339937,-0.087668,-0.305776,-0.214708,-0.020852,-0.088148,-0.039147,0.091498,-0.177126,0.051666,0.051555,0.044098,0.154409,-0.226220,-0.128359,0.410144,-0.054676,0.024975,0.055374,-0.143830,0.069106,-0.153172,0.209421,0.006527,0.348914,-0.284079,0.055272,-0.273505,-0.078559,-0.273659,-0.170987,-0.305718,-0.483621,-0.237516,0.002744,0.046229,-0.078955,-0.184319,-0.105778,0.161585,0.278769,-0.367594,0.337247,-0.480184,-0.506901,0.426556,-0.075201,-0.240877,-0.322848,-0.449827,-0.397074,-0.061270,0.068716,0.101242,-0.035845,0.075776,-0.039584,-0.044435,0.452319,0.105216,0.223247,-0.322014,-0.040571,-0.162838,-0.463596,-0.348958,-0.090379,-0.486847,-0.425126,-0.219503,-0.208141,-0.094143,0.175105,-0.253102,-0.290274,-0.273683,-0.623583,0.195432,0.040822,0.171939,-0.337050,-0.118795,-0.072529,-0.141183,-0.188540,0.291559,-0.262563,0.055890,-0.438147,0.523625,0.664440,0.372163,0.050980,-0.647202,-0.416791,-0.680865,-0.391180,-0.084953,-0.023071,-0.537869,0.116387,-0.386374,-0.426972,-0.100865,-0.454132,0.582136,-0.437433,0.316548,0.767082,0.545883,0.995009,1.382799,0.777577,0.855932,0.365856,0.980869,0.756026,1.014148,-0.333060,0.168228,0.791246,1.056770,0.822006,0.986844,0.755923,0.989375,0.517179,0.620722,1.196298,0.212275,0.788304,0.000000,0.912383,-0.414602,0.638710,1.228872,-0.501910,0.462343,-0.493798,0.201076,-0.010857,0.699955,-0.429157,0.039508,0.445131,-0.103568,-0.263369,-0.338722,-0.457177,-0.496068,0.293843,-0.035477,-0.117198,-0.145494,-0.446860,0.399738,0.295787,-0.101519,0.505094,0.439470,0.060966,0.116109,-0.207963,0.011443,0.091533,0.024817,0.262749,0.528825,-0.136435,-0.483109,0.311014,0.110091,-0.297416,0.214697,0.151846,-0.446144,-0.293122,-0.204042,0.782131,0.148809,-0.116779,0.306824,-0.286453,0.094055,-0.123942,-0.043869,-0.434485,0.276921,-0.172915,-0.356918,0.211850,0.174676,-0.296952,0.115591,-0.346868,0.025271,0.017067,-0.020637,0.022184,0.381512,-0.523330,-0.230330,-0.295756,-0.438294,-0.573687,-0.269621,-0.243343,-0.164296,0.315324,0.556466,0.016085,0.047563,-0.061761,0.415490,-0.357476,-0.562971,0.111993,-0.179081,0.413689,0.191402,0.342102,0.619477,0.134706,0.896757,0.470276,0.397877,0.621228,0.213871,0.852509,0.494805
-0.420471,-0.305107,-0.231604,0.301966,0.576436,-0.219579,0.339998,0.034175,-0.437333,-0.046740,-0.253072,-0.121706,0.173968,0.719174,-0.373962,-0.431843,-0.567174,-0.597930,-0.565797,-0.004452,-0.453989,-0.510301,-0.563665,-0.146629,-0.357390,-0.463398,-0.564304,-0.596794,0.269635,0.148784,-0.414330,-0.480457,0.139308,-0.298072,-0.839346,-0.277593,-0.595139,-0.775753,-0.515572,-0.629284,-0.250398,-0.418565,-0.594515,-0.524388,-0.509184,-0.549079,0.311779,0.210291,-0.243782,0.202487,-0.206615,0.250846,-0.000498,-0.023544,0.088047,0.163952,0.395337,0.322071,0.336912,0.134166,0.109034,0.143114,-0.191913,-0.304612,-0.283932,-0.260711,-0.783587,0.012564,-0.302645,-0.396842,-0.109342,0.166324,-0.294805,0.241952,-0.061318,-0.126212,0.143221,-0.041295,-0.172272,0.422512,-0.026263,-0.371709,-0.188072,0.051094,-0.148179,-0.332841,-0.444291,-0.397274,-0.463342,-0.371569,-0.280665,-0.425425,0.126807,-0.241197,-0.192247,-0.502284,-0.560817,-0.206613,-0.666119,-0.489392,-0.444448,-0.444271,-0.276506,0.008178,-0.391419,0.147160,-0.253030,-0.372255,-0.327413,-0.251840,-0.527015,0.194092,-0.147275,0.015837,-0.034350,-0.318178,-0.462390,0.196512,-0.327873,-0.200409,-0.217556,0.043218,-0.291049,0.093054,0.133015,-0.001576,-0.167210,-0.438281,-0.556023,-0.478735,-0.440752,-0.294785,-0.467281,-0.241972,-0.127090,-0.278996,-0.221042,0.270158,-0.523761,0.121804,-0.086945,0.511399,1.108196,0.840118,1.890606,1.034990,0.982212,1.672759,0.424914,0.984274,1.148242,1.551811,-0.018636,0.083987,0.685978,1.048775,1.074512,0.844765,1.244533,1.000158,0.622128,0.778240,1.237652,0.103798,0.665619,0.912383,0.000000,-0.220989,0.842051,1.404018,-0.111926,0.343024,-0.034435,0.121864,0.132612,0.261113,-0.022912,0.289874,0.178492,0.193864,-0.261004,-0.196852,-0.134981,-0.098848,-0.136785,0.204180,-0.249713,0.215030,-0.024257,0.375281,0.095680,-0.099246,0.293657,0.163154,0.020195,0.174052,0.227014,0.030818,0.052644,0.192411,0.239956,0.309907,0.296738,0.008992,0.511342,0.307938,0.139609,0.614746,0.434788,0.061454,0.013998,-0.039095,0.821771,0.479062,0.234154,0.562420,-0.152242,0.343906,0.344760,0.334057,-0.431269,0.067259,-0.252107,-0.101852,0.131012,0.329831,-0.390131,0.244573,-0.108911,-0.240054,0.048640,0.314565,0.068366,0.510107,-0.217980,-0.250148,-0.289656,-0.038138,-0.161932,0.021353,0.083858,-0.028038,0.143219,0.576034,0.327466,0.178737,0.498964,-0.062526,-0.296691,-0.269908,0.510623,0.286792,0.349177,0.000171,-0.061049,0.854691,0.133520,0.631742,0.279944,0.708776,0.283220,0.487115,0.669118,0.354569
1.000718,0.646220,0.362091,0.076703,0.091892,-0.365561,-0.202902,-0.037735,-0.388484,-0.067467,-0.075177,0.423951,0.283613,0.089931,0.073807,0.019500,-0.128762,-0.236941,-0.231245,-0.365993,-0.098872,-0.075573,-0.258561,-0.452341,-0.139713,-0.167295,-0.286712,-0.111194,-0.001322,-0.295602,-0.276406,0.279346,-0.510333,-0.150358,0.053782,0.010843,-0.232710,0.073547,-0.342458,-0.220546,-0.184909,-0.297507,-0.071121,-0.254216,-0.197638,-0.156374,-0.092541,0.440529,0.128571,-0.041296,0.212351,0.239581,0.151990,0.041118,0.044841,0.275470,0.150820,0.093844,-0.467177,0.184162,-0.495494,0.195268,-0.238363,-0.239564,-0.258073,-0.215057,-0.192413,-0.158837,-0.359533,-0.184306,-0.123077,0.240171,-0.434919,0.098391,-0.331881,0.397248,-0.454649,0.465634,0.383184,0.100609,-0.273468,-0.069327,0.149034,0.070601,0.177326,-0.268807,-0.434194,-0.374323,-0.182990,-0.284185,-0.441344,-0.419407,-0.166639,-0.317938,-0.389230,0.051369,-0.234680,-0.215228,0.087097,-0.193008,0.007777,0.429516,0.101220,-0.098677,0.087890,0.184496,-0.221458,0.190827,0.171725,0.286800,0.102470,-0.085800,-0.093729,-0.316086,0.374647,-0.429717,-0.148877,-0.013154,0.169146,-0.384200,0.321780,0.216402,0.150878,-0.422519,-0.256577,-0.469569,-0.559119,0.090619,0.162661,0.270177,0.074058,0.049724,-0.363353,0.418544,-0.049444,0.588962,-0.017300,-0.207999,0.102502,-0.078055,0.767303,0.296645,-0.018739,0.087100,-0.100525,-0.325978,-0.034482,-0.071808,-0.125230,-0.033387,-0.162652,-0.291509,0.285155,0.058510,-0.407459,-0.434616,-0.094487,-0.212094,-0.007003,-0.328111,-0.430090,-0.272593,-0.336227,0.019048,-0.152026,-0.414602,-0.220989,0.000000,-0.214330,-0.279485,0.744047,0.227619,0.471937,-0.316408,0.568770,-0.414536,0.371582,0.177356,0.196990,0.195974,-0.328127,0.170051,-0.048001,0.257064,-0.499547,0.487410,0.079646,0.285966,0.521808,0.124436,-0.209162,0.108425,-0.011545,-0.027976,-0.256696,-0.063848,0.196191,-0.122635,0.103627,0.095468,-0.002675,-0.350694,0.218083,0.527898,0.179890,0.241969,0.561169,0.132243,0.157944,0.475719,-0.023267,0.149023,-0.379130,-0.244591,0.314679,-0.014120,-0.171599,-0.066262,0.123399,0.143066,0.135449,-0.121288,-0.097093,-0.030816,-0.027903,-0.282280,-0.090919,0.132846,-0.105044,-0.223332,-0.230597,0.319362,0.195823,0.001656,0.518108,-0.195591,-0.165730,0.073582,0.500320,0.130808,0.316902,-0.026598,0.092606,-0.205637,-0.163093,-0.103576,-0.020929,-0.205305,0.178552,-0.114548,0.278468,0.431512,0.035244,-0.235975,0.063437,0.297268,0.202179,-0.138666,-0.074155,0.263267,-0.501027,0.250741,0.083021,0.016449
-0.423163,-0.472776,-0.169155,0.200219,0.745374,-0.126113,0.099069,0.193564,-0.434918,-0.197872,-0.677567,0.047791,0.037535,0.644269,-0.573569,-0.519599,-0.360599,-0.323078,-0.273520,-0.015210,-0.332832,-0.395420,-0.349341,-0.204004,-0.458482,-0.394436,-0.548781,-0.387298,0.160146,0.265328,-0.182031,-0.510834,0.207375,-0.189583,-0.507486,-0.296727,-0.653705,-0.780847,-0.200426,-0.359258,-0.338038,-0.185519,-0.505508,-0.238650,-0.176004,-0.343739,0.050798,0.183819,-0.431046,0.009157,-0.262859,0.346474,-0.156807,-0.177601,-0.189268,-0.059502,0.382496,0.213704,0.064714,-0.039189,-0.068875,0.012129,-0.107221,-0.451604,-0.411851,-0.254256,-0.638657,-0.003529,-0.467551,-0.392754,-0.269888,-0.105267,-0.184830,0.439320,-0.044995,-0.001473,-0.157567,0.055785,0.005116,0.014341,0.058981,-0.161107,-0.389543,0.194937,-0.291654,-0.104711,-0.275624,-0.371337,-0.541995,-0.567532,-0.430470,-0.429426,-0.198794,-0.350617,-0.366151,-0.245249,-0.550690,-0.021616,-0.376403,-0.235588,-0.629389,-0.320773,0.060659,0.093652,-0.637980,-0.040820,-0.400531,-0.694880,-0.262354,-0.383053,-0.629134,0.023708,-0.455014,-0.273253,-0.176845,-0.229296,-0.317342,0.450426,-0.062268,0.017293,-0.426944,-0.390874,-0.577717,-0.124499,0.177028,-0.238229,0.109684,-0.397196,-0.155647,-0.486313,-0.167000,-0.451123,-0.340600,-0.287198,-0.493555,-0.291144,0.125204,0.087090,-0.349100,0.250624,-0.128364,0.619475,0.529923,0.968082,0.671877,0.827812,1.466486,0.707549,1.000328,1.043197,0.714146,0.671013,0.133996,0.092581,1.335727,1.017159,1.591082,1.019918,0.460741,0.473941,1.058848,1.159925,0.445837,0.583980,0.717283,0.638710,0.842051,-0.214330,0.000000,0.848044,0.066024,0.381461,0.197585,0.328055,0.178447,0.259877,0.051851,-0.059113,0.354902,0.312469,-0.381219,-0.182144,-0.004190,-0.020860,-0.129715,0.293828,0.019335,0.049823,-0.305514,0.129701,0.180129,-0.295170,-0.001439,0.018023,0.164070,0.096669,0.363659,0.096999,-0.016469,0.187425,0.315437,0.230642,0.240486,-0.128347,0.637401,0.374154,-0.041297,0.512042,0.361613,0.070151,-0.304477,-0.443310,0.542445,0.392551,-0.002475,0.123849,-0.336345,0.258338,0.134813,0.068402,-0.377037,-0.255706,0.100837,-0.092095,-0.092297,0.104241,-0.222103,0.636627,-0.186876,-0.083781,0.097096,0.134209,0.225028,0.189275,-0.367395,-0.243051,-0.471227,-0.225667,-0.186072,-0.121441,0.100891,0.320140,0.318440,0.153676,0.121556,0.050448,0.377384,-0.126770,-0.419700,-0.069477,0.204605,0.318980,0.401415,-0.066137,0.009400,0.771333,0.595340,0.737482,0.431932,0.507214,0.245408,0.742287,0.682366,0.586464
-0.624544,-0.523456,-0.314137,0.085460,0.388496,-0.097949,0.615054,-0.154512,-0.187028,0.139928,-0.237426,-0.307863,-0.050662,0.613258,-0.355645,-0.431776,-0.351301,-0.267109,-0.208620,0.144265,-0.325410,-0.248964,-0.355474,-0.087722,-0.271371,-0.302056,-0.334274,-0.312944,0.189201,0.190322,-0.165575,-0.280707,0.238108,-0.239736,-0.663331,-0.243600,-0.446963,-0.478493,-0.225337,-0.295845,-0.100486,-0.134700,-0.355528,-0.217930,-0.203240,-0.242553,0.322107,0.008295,-0.270881,0.168794,-0.158252,0.131328,0.022232,-0.076716,0.257249,0.050205,0.427702,0.239977,0.245118,-0.058139,0.149622,-0.045035,-0.121677,-0.225233,-0.134249,-0.173940,-0.575974,-0.036463,-0.136765,-0.109927,-0.006028,0.049161,-0.110806,0.326904,0.260257,-0.296999,0.173430,-0.253361,-0.262697,0.459528,0.108220,-0.159113,-0.165314,-0.229186,-0.259904,-0.135460,-0.122883,-0.085843,-0.179939,-0.117700,-0.158203,-0.101999,0.394216,-0.155192,0.123285,-0.313187,-0.194040,-0.145576,-0.424492,-0.356763,-0.182666,-0.381421,-0.216075,-0.046522,-0.153010,-0.028389,-0.036928,-0.213772,-0.355077,-0.310379,-0.456232,0.172995,0.000958,0.006814,-0.143888,-0.139563,-0.178487,-0.036010,-0.333263,0.106856,-0.147228,-0.010891,-0.312980,0.325233,0.459050,0.196757,-0.074495,-0.350880,-0.309365,-0.538319,-0.400649,-0.103187,-0.152501,-0.379810,0.003825,-0.245857,-0.287844,0.066699,-0.288273,0.505909,-0.108270,0.552654,1.196281,0.861530,1.519123,1.508026,0.994896,1.460996,0.463268,1.164817,1.197289,1.729666,-0.019236,0.273302,0.849778,1.235684,1.080562,1.031256,1.020670,1.318569,0.754225,0.761974,1.366952,0.316624,0.912171,1.228872,1.404018,-0.279485,0.848044,0.000000,-0.324807,0.563291,-0.216310,0.120553,-0.004746,0.287143,-0.330635,0.047212,0.255096,-0.076121,-0.320102,-0.258914,-0.363731,-0.233996,-0.040867,0.062705,-0.186575,0.021061,-0.277416,0.182446,0.024663,-0.261906,0.270105,0.172341,-0.057895,0.063581,-0.119797,-0.108538,-0.034472,-0.060036,0.068518,0.198689,0.088076,-0.276291,0.474559,0.027690,-0.074063,0.236410,0.095726,-0.065025,-0.104725,-0.049978,0.720677,0.210073,0.054829,0.432631,-0.252507,0.219070,0.191654,0.129420,-0.449992,0.264360,-0.105348,-0.034620,0.349049,0.266884,-0.370392,0.183360,-0.057824,-0.038250,0.211759,0.215232,0.260869,0.526683,-0.342545,-0.293805,-0.230887,-0.131179,-0.263046,-0.082248,-0.047020,-0.082025,0.210951,0.572039,0.260921,0.034112,0.309303,0.155003,-0.345210,-0.259965,0.236343,0.121117,0.441430,0.209757,0.010624,0.737331,0.215413,0.598423,0.312792,0.550201,0.228081,0.375086,0.718820,0.273894
0.974352,0.752771,0.207450,0.285306,0.216660,-0.591613,-0.522858,0.522073,-0.546710,-0.477438,-0.204233,0.591086,0.486060,0.101732,-0.054922,-0.082617,-0.084618,-0.492935,-0.527734,-0.659404,-0.127142,-0.124329,-0.421564,-0.459382,-0.443731,-0.196640,-0.325688,-0.325169,0.043213,-0.435415,-0.356188,-0.289327,-0.539930,-0.359254,-0.141499,-0.044680,-0.198555,-0.362716,-0.318931,-0.343847,-0.309252,-0.395218,-0.229266,-0.337040,-0.252837,-0.269272,-0.245821,0.460002,-0.178632,-0.072966,0.017380,0.312301,-0.181220,-0.032509,-0.386463,0.193103,0.110037,0.207266,-0.345200,0.249004,-0.346545,0.348670,-0.243283,-0.327058,-0.510422,-0.223864,-0.294601,-0.143787,-0.695943,-0.529769,-0.245875,0.053128,-0.496857,0.024606,-0.472531,0.237263,-0.469279,0.790767,0.583923,-0.054334,-0.084616,-0.133066,0.047407,0.574778,0.123246,-0.273324,-0.658194,-0.707717,-0.636098,-0.670084,-0.647527,-0.687887,-0.629849,-0.401430,-0.750027,-0.065841,-0.740145,-0.137687,-0.194008,-0.037958,-0.472013,0.156354,0.287491,-0.044945,-0.466503,0.425505,-0.673681,-0.383374,-0.136138,-0.110467,-0.184779,-0.037164,-0.680232,-0.481518,0.317339,-0.574645,-0.318769,0.474698,0.102268,-0.538133,-0.114566,-0.212236,0.079533,-0.859929,-0.543397,-0.604846,-0.282552,0.009639,0.083585,0.344392,0.083823,-0.289215,-0.678148,0.232829,-0.315961,0.214181,0.371320,-0.029266,0.042921,-0.421083,0.710792,0.421267,-0.070630,-0.022828,-0.119471,-0.269071,0.017544,-0.163211,0.367368,-0.065627,-0.124282,-0.209541,0.139829,-0.527080,-0.095477,-0.450572,0.049369,0.043477,-0.170845,-0.408265,-0.069651,0.138499,-0.418088,-0.060998,-0.117384,-0.501910,-0.111926,0.744047,0.066024,-0.324807,0.000000,0.030347,1.247976,-0.164741,0.431662,-0.297915,0.941903,0.309180,0.184217,0.387622,-0.083658,0.063611,0.457919,0.610918,-0.476499,0.600290,-0.074622,0.559225,0.536923,0.088108,-0.005434,0.112745,-0.105687,-0.068126,0.189571,-0.042966,0.559222,0.396206,0.036403,0.291946,0.163280,-0.163351,0.452578,0.771277,0.234870,0.426157,0.478927,0.508779,0.342317,0.561347,-0.165771,-0.214769,-0.368682,0.064348,0.148908,-0.170028,-0.082913,-0.061525,0.155677,0.253822,-0.072561,-0.458629,-0.020436,0.088331,-0.266383,-0.182579,-0.145264,0.196077,-0.223521,-0.455737,-0.263098,0.389400,-0.000403,0.003950,0.463489,-0.359467,-0.454421,0.124828,0.482173,0.071201,0.462048,0.356641,0.042432,-0.162583,0.065764,0.301027,0.138528,-0.647160,0.052517,-0.051276,0.460751,0.373647,0.017516,-0.476404,-0.077357,0.251410,-0.022127,-0.008378,-0.178716,0.342373,-0.352289,0.394996,0.022757,0.082765
-0.207469,-0.416391,-0.493849,0.301302,0.112760,-0.206951,0.610521,0.059636,-0.104488,-0.150172,-0.350278,-0.216185,0.085178,0.514231,-0.206221,-0.233492,-0.106289,-0.162682,-0.095658,-0.093831,-0.279104,-0.200804,-0.491425,-0.355192,-0.237457,-0.367093,-0.237307,-0.147157,-0.105557,0.133206,-0.055729,-0.019616,-0.212656,-0.404149,-0.381393,-0.298246,-0.512157,-0.163359,-0.136204,-0.218078,-0.256558,-0.192009,-0.216404,-0.151989,-0.174500,-0.030563,0.194858,0.198812,-0.132582,0.190172,-0.347848,0.293060,0.166673,-0.136596,0.178152,0.298597,0.567415,0.331678,-0.137653,0.007360,-0.070262,0.062052,0.188197,-0.179496,-0.059491,-0.003536,-0.351944,0.042904,-0.148649,0.094902,0.252848,-0.061767,-0.021715,0.333627,0.417816,-0.419880,-0.129559,0.133202,0.192603,0.253160,0.105292,0.165691,0.086736,-0.156068,-0.187844,-0.005916,-0.094829,-0.118695,-0.027601,-0.166936,-0.424637,-0.113670,0.263852,-0.277212,0.063637,0.026724,-0.081749,-0.056289,-0.233744,-0.080085,-0.131875,0.044003,0.137782,-0.247615,-0.130530,0.065348,-0.254850,-0.242587,-0.564015,-0.493955,-0.423800,0.225026,-0.184128,-0.131826,0.056197,-0.039477,0.195740,0.074835,0.014710,0.262061,-0.139351,-0.122061,-0.021195,0.094556,0.508110,-0.036200,-0.003541,0.002605,0.077108,-0.206992,0.029830,-0.058786,-0.132668,-0.047329,0.075328,0.152678,0.064731,-0.169263,0.036712,0.362768,0.318985,0.902763,0.408498,0.522339,0.523549,0.478363,0.563961,0.366411,0.494166,0.494416,0.574559,0.410616,0.224551,0.059140,0.352259,0.283896,0.523402,0.610475,0.481184,0.468861,0.220144,0.459234,0.319240,0.592478,1.042540,0.462343,0.343024,0.227619,0.381461,0.563291,0.030347,0.000000,-0.099424,0.147436,0.293358,-0.042771,-0.045870,-0.046707,0.323781,-0.341400,-0.501790,-0.440445,-0.248449,0.154376,-0.126766,0.250576,0.083469,0.073248,-0.160009,0.082280,-0.109888,-0.190748,0.042750,0.083612,-0.095068,0.129640,-0.169375,0.042618,-0.041283,-0.130928,0.014788,0.011203,0.006841,-0.076094,0.396001,-0.023428,0.195603,0.036667,-0.149052,0.188200,-0.477564,-0.269609,0.091175,0.019847,-0.108470,0.162963,-0.337976,0.013445,0.169140,0.114639,-0.200739,0.165868,0.162899,-0.060509,0.303503,-0.237843,-0.396038,0.208650,-0.054671,0.033407,0.438567,0.127860,0.466744,0.584091,0.019743,-0.241917,-0.099793,0.025923,0.206724,0.016432,0.073833,0.058581,0.146878,0.480867,0.174536,0.099973,-0.113774,0.213772,-0.247940,-0.299414,0.007795,0.132856,0.507904,0.363060,-0.032878,0.526264,0.433107,0.441454,0.042292,0.454904,-0.236042,0.576638,0.689561,0.088622
0.755194,0.627253,0.167879,0.091225,0.266656,-0.365230,-0.415192,0.605139,-0.276167,-0.598944,-0.257740,0.460377,0.271430,-0.036122,-0.126976,-0.229241,-0.032603,-0.351152,-0.399235,-0.498411,-0.098280,-0.100285,-0.336002,-0.347297,-0.346044,-0.123569,-0.140998,-0.258513,0.075653,-0.369103,-0.262684,-0.400765,-0.256778,-0.400215,-0.202187,-0.080065,-0.112572,-0.376073,-0.171122,-0.268503,-0.244797,-0.195654,-0.132886,-0.188382,-0.084952,-0.182375,-0.366309,0.225665,-0.357728,-0.393375,-0.093580,0.005144,-0.445025,-0.099254,-0.514162,-0.115787,-0.024238,0.014972,-0.317447,0.093900,-0.060226,0.083663,-0.167140,-0.141745,-0.285988,-0.071738,-0.163608,-0.213587,-0.675160,-0.379553,-0.175525,-0.049030,-0.195403,-0.169248,-0.344422,0.241840,-0.313946,0.509949,0.432931,-0.193691,0.239666,-0.030479,0.154359,0.626622,0.103642,-0.041406,-0.477423,-0.526804,-0.483414,-0.533948,-0.433055,-0.453432,-0.578379,-0.265229,-0.573497,0.086368,-0.632335,0.076865,-0.071499,0.099787,-0.459282,0.212373,0.247013,0.193567,-0.478735,0.502735,-0.532187,-0.358904,-0.100441,-0.135444,-0.191198,0.046870,-0.467460,-0.257626,0.018092,-0.257290,-0.234729,0.627329,0.079690,-0.364725,-0.056177,-0.308393,0.014501,-0.745220,-0.431850,-0.529153,-0.105650,0.067056,0.130653,0.332445,0.083934,-0.226235,-0.359450,0.316838,-0.226713,0.131343,0.496905,-0.031114,0.038824,-0.379734,0.718346,0.191887,0.019841,-0.021286,-0.117345,-0.201868,0.018676,-0.108043,0.411811,-0.068613,-0.037853,-0.122843,0.269421,-0.418464,0.045918,-0.256280,0.101498,0.050988,-0.160707,-0.404630,0.117718,0.227316,-0.356980,0.050820,-0.163574,-0.493798,-0.034435,0.471937,0.197585,-0.216310,1.247976,-0.099424,0.000000,0.035186,0.167876,-0.339628,0.712024,0.112205,0.100934,0.437638,0.178550,0.022677,0.503208,0.400745,-0.430529,0.382948,-0.135113,0.254230,0.252175,0.021752,0.003571,0.172182,-0.155186,-0.086726,0.428309,0.178629,0.735976,0.433401,0.051631,0.454492,0.050955,-0.118196,0.286476,0.530171,0.025566,0.265206,0.195572,0.380122,0.170113,0.405570,-0.071339,-0.235617,-0.354582,0.210973,0.076674,-0.354981,-0.131547,0.197263,0.037353,-0.010387,0.043668,-0.477500,0.127247,0.278811,-0.219667,-0.037176,-0.177928,0.167706,-0.050219,-0.333404,-0.105194,0.392957,-0.049377,-0.054295,0.283082,-0.478135,-0.313847,-0.032417,0.345634,-0.162235,0.127716,0.334369,0.035629,-0.215102,0.232876,0.255841,0.194722,-0.609872,0.092566,0.203995,0.298863,0.261877,-0.174161,-0.309682,-0.160293,0.113139,-0.005489,-0.129170,-0.130736,0.283762,-0.281005,0.257786,-0.069686,0.013817
-0.205588,-0.287894,-0.463721,0.187020,0.121089,0.129445,0.092883,0.081208,0.191110,-0.215798,-0.359924,-0.238302,-0.221593,0.092690,-0.255838,-0.502982,0.258000,0.213326,0.325867,0.099939,-0.164556,0.066437,0.101578,-0.094824,-0.086368,-0.108045,0.040498,0.297633,-0.268370,0.281250,0.403500,-0.306490,0.232017,0.029440,0.030084,-0.376352,-0.229667,-0.000230,0.375635,0.237897,-0.136593,0.393162,0.053883,0.351312,0.245833,0.271994,-0.050197,-0.448469,-0.556102,-0.149488,-0.610152,-0.295717,-0.551977,-0.498194,-0.414267,-0.378910,0.183146,-0.054233,0.190501,-0.394552,0.387395,-0.474199,0.277039,-0.014416,0.077977,0.149843,0.036287,-0.012398,-0.142183,0.207024,0.166850,-0.562957,0.394069,-0.297427,0.077083,-0.174843,0.011007,-0.181266,0.209764,-0.520425,0.514865,0.354292,-0.206665,0.157993,-0.393412,0.593014,0.234784,0.127491,0.078862,-0.020691,-0.003236,0.044407,-0.106986,-0.121088,0.004993,0.505888,-0.061743,0.992796,0.269247,0.460476,-0.146263,0.249002,0.330581,0.697079,-0.479062,0.379077,-0.101454,-0.566956,-0.247125,-0.431170,-0.223712,0.599534,-0.197532,0.239077,-0.489092,0.334681,0.384995,0.483050,-0.185139,0.512471,0.038665,-0.334465,-0.283329,0.069487,0.264439,-0.104418,0.669248,-0.058658,0.332652,-0.139673,0.610767,-0.315380,0.212157,-0.177126,-0.020940,-0.341257,0.718295,0.367963,0.038964,-0.135573,-0.120176,-0.177313,-0.172964,-0.083922,0.019988,0.195526,0.180718,-0.020829,0.162806,-0.027173,0.073764,0.094925,-0.089446,-0.337114,0.284651,0.311402,0.212389,0.208000,0.071248,-0.109145,0.272713,0.322212,-0.011465,0.259636,0.147444,0.201076,0.121864,-0.316408,0.328055,0.120553,-0.164741,0.147436,0.035186,0.000000,-0.310258,0.114336,0.054715,-0.169796,-0.203169,0.045775,0.003106,-0.497370,0.017664,0.052147,0.387225,-0.356267,0.740607,-0.521694,-0.735035,-0.061438,-0.047876,-0.253386,-0.235910,-0.281947,0.571568,0.512221,0.220321,0.238757,-0.425054,0.193948,0.120888,0.488630,-0.499711,-0.186610,-0.283912,-0.046902,-0.389870,0.053270,-0.064558,-0.337578,-0.307028,-0.492965,0.240463,0.450162,-0.496300,-0.281697,-0.181892,0.079494,-0.129967,-0.507028,-0.198665,-0.088693,0.567612,0.135841,-0.088362,0.275953,0.075974,0.215945,-0.011478,0.260313,0.267871,-0.171001,0.122565,-0.024833,-0.527765,0.085365,-0.005008,-0.254611,-0.288356,-0.405475,-0.277295,0.622445,0.099193,0.001360,0.299969,0.139688,-0.112980,0.105356,0.291670,0.235621,-0.370428,-0.335539,-0.085471,0.025335,-0.119727,-0.165320,0.187193,0.269803,0.026012,-0.312292,0.298648,-0.029038,0.147559,-0.017868
0.152595,0.061892,0.144302,0.511115,0.552780,-0.260590,-0.127269,0.036945,-0.847879,-0.287200,-0.435739,0.324420,0.472014,0.362938,-0.355844,-0.093681,-0.484579,-0.692782,-0.560738,-0.258580,-0.201936,-0.561651,-0.481111,-0.414796,-0.271277,-0.388709,-0.675862,-0.611886,0.001196,-0.098527,-0.463894,-0.116089,-0.378441,-0.169409,-0.290929,0.006820,-0.478030,-0.252773,-0.647083,-0.558199,-0.460094,-0.599951,-0.569455,-0.516653,-0.389550,-0.384485,-0.177032,0.559594,0.094965,0.199879,0.177755,0.617988,0.153504,-0.135779,-0.087716,0.275427,0.092288,0.039647,-0.498941,0.056026,-0.775318,0.461241,-0.412469,-0.618291,-0.704442,-0.686931,-0.579176,-0.069860,-0.389780,-0.611498,-0.676763,0.112678,-0.722538,0.499638,-0.251765,0.306625,-0.566699,0.537977,0.228356,0.266290,-0.609887,-0.419276,-0.249651,0.140555,0.207702,-0.601294,-0.672784,-0.535818,-0.375128,-0.550464,-0.489645,-0.733099,-0.193357,-0.193435,-0.607235,-0.339076,-0.441525,-0.558279,-0.402264,-0.404151,-0.189827,-0.134571,-0.148211,-0.501858,-0.149032,-0.009703,-0.393255,-0.088570,-0.005805,0.066661,-0.235111,-0.205106,-0.439078,-0.479532,0.435977,-0.574591,-0.462975,0.112581,0.279501,-0.513634,-0.158561,0.291771,-0.002756,-0.346863,-0.097364,-0.428978,-0.467338,-0.306961,-0.251635,0.024000,-0.328822,-0.109830,-0.586522,0.286621,-0.229777,0.478487,-0.171430,-0.255868,-0.273065,-0.145088,0.099401,0.445721,0.117278,0.474865,0.168818,-0.004424,0.321759,0.161268,0.236633,0.283745,0.070238,-0.057010,0.011321,0.105235,0.049797,-0.050107,0.289619,0.154792,0.039343,-0.082847,-0.195011,0.076073,-0.016482,0.054268,0.247079,-0.010857,0.132612,0.568770,0.178447,-0.004746,0.431662,0.293358,0.167876,-0.310258,0.000000,0.017830,0.489334,0.310466,0.459600,0.437849,-0.503046,0.038613,0.055748,0.245055,-0.291779,1.130333,-0.114778,0.446886,0.470111,0.495790,0.178178,0.202404,0.263450,0.391905,-0.242306,-0.028418,0.339248,0.012253,0.369362,0.318496,0.511910,-0.072833,0.384689,0.573892,0.801586,0.818864,0.653904,0.613354,0.589241,0.512941,-0.299680,-0.093309,0.012388,0.050605,0.404966,0.072298,-0.330091,0.098092,0.243043,0.399580,0.106093,-0.257060,-0.276072,-0.476590,-0.370163,-0.195792,-0.318389,0.605376,-0.617680,-0.438274,-0.493964,0.112968,-0.040171,0.328643,0.510912,-0.098023,-0.480303,0.068546,0.490800,0.284704,0.521584,0.025422,0.374722,0.051322,-0.154603,-0.022139,0.152154,-0.248352,-0.192291,-0.472154,0.581386,0.572724,0.479408,-0.240502,0.165942,0.661916,0.316988,0.302181,0.132076,0.566984,-0.072564,0.810826,0.354396,0.450841
-0.554380,-0.544178,-0.198006,0.363126,0.322868,0.368593,0.208849,-0.347539,0.057811,0.219718,0.088944,-0.461785,-0.471694,-0.066869,-0.498430,0.066112,0.364053,0.132325,0.316138,0.673513,0.283260,0.213896,0.398075,0.356850,0.196850,0.296308,0.020762,0.253633,-0.037828,0.566588,0.600653,-0.410851,0.673179,0.465071,0.168170,0.269654,0.123093,0.075790,0.341792,0.322318,0.102044,0.312203,0.038314,0.319469,0.348095,0.313056,-0.097336,-0.431837,0.003831,0.180648,0.108721,0.033816,-0.056233,-0.080454,-0.297949,-0.453885,-0.130733,-0.349532,0.078133,-0.604915,-0.058474,-0.435297,-0.232516,-0.234111,-0.181825,-0.449980,-0.180420,-0.300926,0.179214,0.080458,-0.309915,-0.384627,-0.056009,-0.002828,0.056863,-0.208357,0.279801,-0.474178,-0.513438,0.104740,-0.195630,-0.195127,-0.283145,-0.477342,-0.099746,0.072936,0.215737,0.251441,-0.035391,0.150079,0.057578,-0.023047,0.054695,0.263364,0.061602,-0.183391,0.014943,-0.161269,-0.306613,-0.014237,-0.009360,-0.439280,-0.311663,-0.300271,-0.282257,-0.147546,0.145674,-0.323889,-0.078801,-0.210006,-0.680321,-0.030075,-0.132391,0.032740,-0.579321,-0.062745,-0.026324,-0.210705,0.277075,0.356488,-0.380241,-0.113575,-0.698450,0.349141,0.420325,0.381277,0.330530,-0.923811,-0.337255,-0.654941,-0.432842,0.075305,0.057258,-0.723575,-0.013217,-0.556431,-0.314438,-0.373097,-0.444900,0.354388,-0.718139,-0.070711,0.196210,0.054612,0.231406,0.570969,0.256098,0.154901,0.241082,0.345012,0.014324,0.290150,-0.537039,-0.150161,0.437660,0.369081,0.233136,0.476410,0.073184,0.218053,0.182391,0.252675,0.379940,0.130747,0.274017,0.699955,0.261113,-0.414536,0.259877,0.287143,-0.297915,-0.042771,-0.339628,0.114336,0.017830,0.000000,-0.338535,-0.095572,0.692691,0.051503,-0.024879,-0.299904,-0.149258,-0.527422,0.530118,0.136738,-0.130559,-0.176429,-0.368137,0.600599,0.971876,0.129933,0.530076,0.634917,0.444342,0.074741,-0.158997,0.377673,0.388749,0.290661,0.451748,0.714675,-0.339749,-0.533495,0.026882,0.154754,-0.624462,0.158359,0.143765,-0.589941,-0.387884,-0.576894,0.275095,-0.155319,-0.438693,-0.180291,-0.299129,-0.198659,-0.575049,-0.344958,-0.394393,0.093505,-0.146074,-0.414324,-0.166197,0.055898,-0.068627,0.162953,-0.570519,-0.085941,-0.286252,-0.022345,-0.380237,0.026237,-0.584673,-0.005717,-0.376631,-0.579092,-0.929986,-0.372967,-0.330975,-0.022023,0.526084,0.246053,-0.093655,-0.008624,-0.210896,0.577719,-0.493921,-0.624748,-0.025720,-0.314321,0.294136,0.130417,0.824010,0.278250,-0.091983,0.747931,0.801699,0.030691,1.038183,0.105712,0.462125,0.888616
0.623366,0.635588,-0.056587,0.454885,0.344074,-0.623879,-0.463253,0.554483,-0.697227,-0.888766,-0.314509,0.431606,0.866513,0.310772,-0.122039,-0.281450,-0.341168,-0.701360,-0.660479,-0.849218,-0.402545,-0.422747,-0.587515,-0.744273,-0.595523,-0.563236,-0.569925,-0.559898,-0.092394,-0.496105,-0.515803,-0.428682,-0.592251,-0.453019,-0.406769,-0.326402,-0.469069,-0.524576,-0.501776,-0.561065,-0.596218,-0.519208,-0.553866,-0.455108,-0.399603,-0.360339,-0.320145,0.419171,-0.265396,0.180346,-0.102534,0.172329,-0.251802,-0.285510,-0.448188,0.214839,0.057703,0.188483,-0.187181,0.178137,-0.309340,0.457768,-0.167007,-0.414597,-0.618185,-0.265544,-0.337018,-0.111123,-0.856951,-0.696044,-0.289917,-0.009571,-0.482099,0.088242,-0.564840,0.183895,-0.455399,0.884638,0.716526,0.071022,-0.123618,-0.319779,-0.207752,0.872071,-0.045809,-0.303711,-0.664976,-0.733589,-0.596796,-0.722853,-0.540981,-0.758484,-0.491873,-0.148700,-0.777685,-0.125133,-0.776319,0.024893,-0.266443,-0.008425,-0.531551,0.015173,0.159606,0.004918,-0.600430,0.542380,-0.534755,-0.388839,-0.225696,-0.125309,-0.100907,0.212794,-0.680344,-0.136027,0.505231,-0.471304,-0.357846,0.814840,-0.076189,-0.504371,-0.073287,0.026634,0.251889,-0.529516,-0.402838,-0.596138,-0.285901,-0.085454,0.016151,0.323756,0.192776,-0.542978,-0.635582,0.391388,-0.271778,0.286503,0.470861,0.258020,-0.079115,-0.927758,0.437065,0.254613,-0.154193,0.027476,-0.075769,-0.293819,0.039994,-0.169512,0.193640,-0.134886,0.005510,-0.230593,-0.066413,-0.647243,-0.134548,-0.273094,0.064004,-0.040464,-0.161835,-0.398899,-0.126221,0.062650,-0.327858,-0.312986,-0.226429,-0.429157,-0.022912,0.371582,0.051851,-0.330635,0.941903,-0.045870,0.712024,0.054715,0.489334,-0.338535,0.000000,0.666367,-0.084725,0.558902,-0.135866,0.019398,0.316373,0.719292,-0.346903,0.350157,-0.013075,0.575878,0.438162,0.182288,0.019246,0.187968,0.010823,-0.055671,0.244872,0.072145,0.817701,0.490954,-0.075352,0.442269,0.408519,0.078749,0.509664,1.316598,0.292880,0.657985,0.620228,0.728011,0.454751,0.377050,-0.235875,-0.082125,-0.107142,0.408507,0.294713,-0.084798,-0.040424,0.214806,0.369602,0.376891,0.111969,-0.279507,0.067858,-0.048985,-0.344784,0.101730,-0.163204,0.171254,-0.309525,-0.441728,-0.300628,0.278797,-0.029253,0.165228,0.474021,-0.251439,-0.373684,0.183936,0.618551,0.168875,0.496515,0.291689,-0.122739,-0.076785,0.209141,0.425629,0.141827,-0.915835,0.235554,0.033858,0.646594,0.407808,0.050426,-0.802196,-0.372080,0.162710,-0.038447,0.006993,-0.278487,0.379779,-0.150299,0.448420,-0.003673,-0.037586
0.198598,0.474101,-0.122604,0.447338,0.179407,-0.530312,-0.059613,0.069776,-0.663913,-0.177389,0.083459,0.102691,0.800567,0.322036,-0.085023,-0.277542,-0.445547,-0.628550,-0.584995,-0.425918,-0.654298,-0.358155,-0.503650,-0.565428,-0.651097,-0.698019,-0.593306,-0.635094,-0.189883,-0.519348,-0.504282,-0.345577,-0.342250,-0.508287,-0.508209,-0.409103,-0.426764,-0.444268,-0.637587,-0.597908,-0.623355,-0.481770,-0.504528,-0.518297,-0.466040,-0.415548,-0.047482,0.239447,-0.151582,0.817280,0.111087,0.006984,-0.078461,-0.300881,0.053589,0.282759,0.084140,0.225513,0.348022,0.189740,-0.099078,0.411596,-0.212800,-0.321107,-0.522646,-0.336655,-0.644406,-0.172437,-0.511093,-0.492473,-0.220288,0.119611,-0.525384,-0.013388,-0.392863,0.015440,0.050672,0.223387,0.078674,0.714778,-0.321657,-0.751280,-0.418677,0.285505,-0.297328,-0.598802,-0.608206,-0.561270,-0.431181,-0.371662,-0.316077,-0.566569,0.149492,0.060611,-0.293740,-0.471511,-0.495926,-0.261390,-0.542092,-0.335157,-0.261158,-0.324057,-0.375126,-0.229952,-0.322875,0.501826,-0.176128,-0.136359,-0.211388,0.048255,-0.193867,0.254312,-0.265789,0.131657,0.446917,-0.614411,-0.572975,0.252418,-0.401266,-0.681861,0.101109,0.558442,0.238489,0.000802,-0.151795,-0.102794,-0.656175,-0.260326,-0.556416,0.099759,-0.215840,-0.485921,-0.607376,0.116636,0.073632,0.117426,-0.219350,0.292365,-0.352826,-0.494347,0.121783,0.158684,0.161640,0.113163,0.283179,-0.031501,0.062750,0.172104,-0.025061,0.153732,0.270064,0.149817,-0.501378,-0.368180,-0.129740,0.004871,0.104817,0.067185,0.284791,0.158766,-0.057075,-0.027268,0.206658,-0.828491,-0.037364,0.039508,0.289874,0.177356,-0.059113,0.047212,0.309180,-0.046707,0.112205,-0.169796,0.310466,-0.095572,0.666367,0.000000,-0.029847,0.392619,-0.105142,0.179953,-0.148615,0.172340,-0.157807,0.081424,-0.260701,0.825310,0.637444,0.488590,0.001813,0.314904,0.591511,0.196146,-0.027905,0.008474,0.394174,0.278635,-0.033689,0.263107,0.406155,0.341831,0.432580,0.923008,0.320253,0.592834,0.613460,0.747198,0.595636,0.090715,-0.001891,0.221924,0.368397,0.359236,0.524888,0.402895,0.224793,0.233957,0.394900,0.677935,0.020738,0.296757,-0.235546,-0.173305,0.019291,0.514034,-0.469624,-0.118017,-0.325616,-0.572019,-0.496376,0.101935,-0.071285,0.429047,0.353963,-0.259377,-0.262805,0.119089,0.293846,0.223790,0.296169,-0.243298,-0.255934,0.079613,0.228997,0.399128,0.289077,-0.412235,0.209277,-0.319214,1.188309,0.329960,0.286017,-0.486037,-0.318413,0.392891,-0.345900,0.005273,-0.107282,0.524458,0.178647,0.160255,0.291864,-0.088733
-0.164996,-0.271222,0.018750,0.434090,0.461539,0.176749,0.200881,-0.126245,-0.197616,-0.034728,0.000583,-0.249580,-0.188045,0.027215,-0.555871,-0.003389,0.173205,-0.048262,0.103960,0.236589,0.108738,0.069392,0.055490,-0.003574,-0.073453,0.048706,-0.151785,0.019412,-0.083275,0.301434,0.281442,-0.366099,0.190050,0.184805,0.021971,0.172052,-0.102227,-0.128224,0.070816,-0.001183,-0.134462,0.059761,-0.094940,0.083949,0.211970,0.191466,-0.303213,-0.006836,-0.036361,0.181069,0.215476,0.158595,-0.037059,-0.162689,-0.268080,-0.338552,-0.094364,-0.325791,-0.255561,-0.395564,-0.428323,-0.244721,-0.315146,-0.429261,-0.432320,-0.627082,-0.477454,-0.588497,-0.221141,-0.041033,-0.434132,-0.348061,-0.322385,0.162941,0.113575,-0.029608,0.025476,-0.104384,-0.303945,0.297020,-0.252716,-0.237942,-0.148483,-0.438445,-0.054627,-0.115041,-0.075119,-0.029525,-0.118828,-0.081161,-0.209320,-0.228869,0.051532,0.086011,-0.086332,-0.212122,-0.150691,-0.461945,-0.401314,-0.224811,-0.120586,-0.309486,-0.303437,-0.669643,-0.224610,-0.092113,-0.046238,-0.201231,-0.061712,-0.118792,-0.813308,-0.249824,-0.172296,-0.258874,-0.285406,-0.298434,-0.130262,-0.198012,0.487673,0.066052,-0.312797,-0.066819,-0.483212,0.022732,0.356073,0.088548,-0.059209,-0.592410,-0.257492,-0.334211,-0.581864,0.070404,-0.139951,-0.254963,-0.026823,-0.149576,-0.400463,-0.857586,-0.342372,0.535612,-0.118450,0.387411,0.393883,0.273971,0.248884,0.394274,0.407877,0.171722,0.542354,0.544321,0.081197,0.179178,-0.183789,0.048478,0.425703,0.155085,0.415531,0.544061,0.117217,0.214551,0.055977,0.312415,0.218714,0.354276,0.469265,0.445131,0.178492,0.196990,0.354902,0.255096,0.184217,0.323781,0.100934,-0.203169,0.459600,0.692691,-0.084725,-0.029847,0.000000,0.125253,-0.234958,-0.102549,-0.099029,-0.349090,0.126991,0.632738,-0.346575,0.126006,-0.041511,0.647403,0.684534,0.242337,0.545911,0.809385,0.234577,0.043862,0.016080,0.322205,0.614886,0.360859,0.395172,0.315519,-0.119391,-0.216213,0.347632,0.269128,-0.184009,0.296742,0.176444,-0.137687,-0.450101,-0.525451,-0.026833,-0.285858,-0.157587,-0.206169,-0.545798,-0.115066,-0.469895,-0.121762,-0.166844,0.021614,-0.174768,-0.461178,-0.078034,-0.242527,-0.257681,0.434283,-0.718424,-0.243099,-0.434679,0.165343,-0.140441,0.130531,-0.097849,-0.476662,-0.622912,-0.653303,-0.265828,-0.376136,-0.162086,-0.156903,0.517576,0.030474,-0.323555,-0.106371,-0.178517,0.321742,-0.551260,-0.747884,0.191022,0.066512,0.404651,0.124282,0.732822,0.700652,0.203602,0.517657,0.636171,0.519764,0.331748,0.428385,0.736883,0.869750
0.185254,0.309581,0.205117,0.298478,0.784434,-0.206460,-0.475580,0.086960,-0.837861,-0.212579,-0.395141,0.385480,0.294949,0.282815,-0.388708,-0.237673,-0.473343,-0.526243,-0.403162,-0.173668,-0.206698,-0.610467,-0.151427,-0.183139,-0.242026,-0.367785,-0.703275,-0.470827,0.207777,-0.019021,-0.373232,-0.318892,-0.031900,0.074697,-0.155261,-0.055859,-0.404893,-0.391385,-0.493908,-0.401791,-0.286969,-0.373422,-0.468866,-0.316225,-0.215917,-0.488187,-0.155278,0.334223,-0.046274,0.090396,0.186186,0.236560,-0.123387,-0.024781,-0.308068,0.023730,0.054721,-0.014839,-0.075588,0.042382,-0.488259,0.200070,-0.416017,-0.628015,-0.647235,-0.549287,-0.434343,-0.051936,-0.543516,-0.694945,-0.623927,0.176433,-0.540668,0.047165,-1.039315,0.841172,-0.408270,0.212135,-0.050426,0.002799,-0.512220,-0.869642,-0.462655,0.528448,-0.189179,-0.562232,-0.695546,-0.730084,-0.805201,-0.797692,-0.562020,-0.950469,-0.558715,-0.067665,-0.952359,-0.452179,-0.708199,-0.220212,-0.316285,-0.452581,-0.624801,-0.307428,-0.299024,0.044989,-0.564715,0.148455,-0.213627,-0.262075,0.334702,0.362207,-0.200836,-0.113332,-0.324234,-0.070248,0.108626,-0.482764,-1.024859,0.478227,0.012124,-0.594397,-0.038184,0.257614,-0.282771,-0.513470,-0.353725,-0.696982,-0.450343,-0.514060,-0.356130,-0.274111,-0.094278,-0.585259,-0.634016,0.123201,-0.549898,0.030338,-0.079383,0.177868,-0.711055,-0.358276,0.018894,0.028659,-0.009820,0.351284,0.054320,-0.043172,0.318805,0.066622,0.194215,0.277146,0.120381,-0.088244,-0.140345,-0.023098,0.205904,0.245218,0.328425,0.088694,-0.020012,-0.291942,0.098651,0.126265,-0.142935,-0.174902,-0.239468,-0.103568,0.193864,0.195974,0.312469,-0.076121,0.387622,-0.341400,0.437638,0.045775,0.437849,0.051503,0.558902,0.392619,0.125253,0.000000,-0.231761,0.258046,-0.044730,-0.082868,-0.389958,0.323395,-0.002833,0.176530,0.287742,0.542598,0.278114,0.316766,0.261515,0.090927,0.121375,0.089361,1.046447,0.125708,0.274956,0.813114,0.726655,0.241943,0.434753,0.501053,0.404184,1.087289,0.308418,0.866788,0.921258,0.009481,-0.067367,0.033150,0.344593,0.552058,0.641610,0.059341,-0.066093,0.370670,0.151959,0.202164,0.125855,-0.348732,-0.165557,-0.341551,-0.403760,0.356142,-0.024578,0.415097,-0.367641,-0.086823,-0.510215,0.341112,-0.090264,-0.067988,-0.065337,-0.038860,-0.346855,-0.148144,-0.023175,0.055011,0.227271,0.015835,0.199357,-0.297777,-0.056483,0.133048,0.262892,-0.568152,-0.008870,-0.055879,0.570312,0.522780,-0.089952,-0.700058,0.108703,0.343067,0.287508,0.129077,0.279824,0.303448,0.397940,0.443359,0.138073,0.451681
-0.013049,0.066271,0.033212,-0.221891,-0.416612,0.367514,0.119745,0.141218,0.674135,-0.034404,0.420896,-0.197395,-0.307495,-0.703092,0.126881,0.200977,0.460802,0.214994,0.142739,0.094538,0.301090,0.354072,0.222764,0.349503,0.367891,0.368183,0.656516,0.124028,0.008793,-0.075542,0.256244,-0.161854,0.109603,-0.050759,0.159101,0.239661,0.615736,0.232025,0.337861,0.264198,0.317752,0.357814,0.637307,0.346519,0.344157,0.325322,-0.211876,-0.518627,-0.011153,-0.312829,-0.017734,-0.586077,-0.298803,0.044334,-0.236768,-0.437588,-0.415802,-0.329548,0.219951,-0.088575,0.575583,-0.370640,0.066741,0.620469,0.435114,0.318839,0.350044,-0.109811,0.280379,0.323459,0.219273,-0.257230,0.520910,-0.932472,0.288548,-0.181257,0.656030,-0.376433,-0.326754,-0.164626,0.375621,0.204848,0.433726,0.038222,0.335065,0.365104,0.321117,0.369832,0.394133,0.495548,0.512865,0.480724,0.076340,0.391392,0.380409,0.318721,0.337765,0.190512,0.162111,0.372130,0.343207,0.031626,-0.196421,0.119782,0.171181,0.211401,0.283882,0.146582,0.056035,-0.020735,0.053812,0.146876,0.275027,0.423255,-0.557281,0.558093,0.277114,0.002996,0.057635,0.071454,-0.041580,0.017337,0.126340,0.081041,-0.089911,0.411472,0.351871,0.289711,-0.110378,0.324403,-0.088195,0.447695,0.484425,0.081311,0.562942,-0.212987,0.064821,-0.179759,0.074838,-0.161830,-0.161126,-0.738825,-0.225162,-0.737603,-0.371085,-0.296187,-0.704434,-0.322715,-0.127425,-0.468160,-0.322725,-0.185083,-0.170375,-0.283433,-0.164626,-0.339134,-0.511856,-0.275693,-0.305005,-0.236597,-0.116930,-0.088604,-0.094072,-0.271289,-0.330982,-0.263369,-0.261004,-0.328127,-0.381219,-0.320102,-0.083658,-0.501790,0.178550,0.003106,-0.503046,-0.024879,-0.135866,-0.105142,-0.234958,-0.231761,0.000000,0.019159,0.410759,-0.219870,0.416001,-0.344094,-0.392869,-0.286739,-0.065587,-0.049577,-0.044878,0.400325,0.064931,0.157399,0.404911,0.348415,0.007193,0.233761,0.045607,0.112999,-0.312684,0.090446,-0.296107,-0.195824,-0.799060,-0.306599,-0.465240,-0.277885,-0.251010,-0.202833,0.243692,0.035128,-0.192405,0.104592,-0.208740,-0.409134,0.345036,0.080724,-0.434775,-0.336970,0.177657,-0.079206,-0.096082,0.270577,-0.090392,0.082419,-0.124165,-0.573008,0.254885,-0.042604,0.114679,-0.202244,-0.620331,-0.041481,-0.018366,-0.161805,0.273861,-0.131782,-0.171337,-0.417244,-0.591818,-0.137386,-0.012453,0.048153,0.252560,0.170101,-0.105010,0.182385,0.176085,0.183108,-0.215702,-0.640993,-0.530683,0.297989,-0.116005,-0.608551,-0.713392,-0.357539,-0.330959,-0.347025,0.060829,-0.759222,-0.393160,-0.297250
0.185026,0.226419,0.820778,-0.217037,-0.234705,-0.022113,-0.471304,0.055806,-0.224133,0.258391,0.098408,0.454890,0.386777,-0.179662,0.496927,0.209569,-0.195031,-0.015217,-0.079607,-0.106865,-0.087450,-0.025594,0.193496,0.183237,-0.067190,-0.134975,-0.144187,-0.102047,0.193199,-0.194798,-0.325011,0.375748,-0.219527,0.257271,0.251252,0.038505,0.035985,-0.030504,-0.221590,-0.080925,0.174864,-0.113159,0.042773,-0.175468,-0.093416,-0.322661,0.195764,0.365496,0.325094,0.098513,0.446385,0.012591,0.186831,0.186754,0.343207,0.225652,-0.162113,0.069448,0.064028,0.447358,-0.155002,0.397418,-0.125832,0.164099,0.038044,0.153391,-0.032353,0.192594,0.055253,-0.093610,-0.084464,0.343724,-0.199037,0.121754,-0.291396,0.819003,-0.100320,-0.052390,-0.064387,0.176230,-0.322057,-0.212486,-0.142080,0.162482,0.006613,-0.374462,-0.189710,-0.183219,0.004431,-0.062059,0.101552,-0.020225,0.036043,-0.048503,-0.037195,-0.255979,0.015059,-0.379167,0.095967,-0.307793,0.050848,-0.102763,-0.168169,-0.115907,0.351835,-0.482210,0.120138,0.444692,0.830214,0.850319,0.427081,-0.777144,0.262953,-0.236795,0.275358,-0.159671,-0.379852,-0.159660,0.108092,-0.566309,0.040716,0.232176,0.299609,-0.210277,-0.479213,-0.147510,-0.435006,0.296560,-0.234174,0.329417,-0.159777,0.032272,-0.109684,0.275027,-0.055602,0.347324,-0.317114,0.110511,0.006536,-0.113131,-0.053047,-0.144874,-0.126335,0.010051,-0.255521,-0.467261,-0.161394,-0.080609,-0.197976,-0.042021,-0.179081,-0.333994,0.050453,0.463388,-0.191758,-0.186188,-0.130598,-0.491099,-0.043445,-0.081752,-0.301643,-0.236382,-0.187470,-0.191619,-0.313089,-0.338722,-0.196852,0.170051,-0.182144,-0.258914,0.063611,-0.440445,0.022677,-0.497370,0.038613,-0.299904,0.019398,0.179953,-0.102549,0.258046,0.019159,0.000000,0.075298,-0.035326,-0.244704,0.119774,-0.199735,0.363923,0.358878,-0.155997,-0.180741,0.039628,-0.036160,-0.085672,-0.549942,-0.458744,0.031547,-0.495776,0.162785,-0.168483,-0.208048,-0.468574,0.357834,0.186111,0.144640,0.028289,0.316615,-0.023589,0.152909,0.182986,0.517919,0.584149,-0.071263,-0.035080,0.580596,0.283055,0.384902,-0.050952,0.117397,0.453010,0.328400,-0.007007,-0.129432,0.025648,0.142291,-0.007810,0.222581,0.004456,0.128352,0.009080,-0.257520,-0.043092,-0.020648,-0.425435,0.416613,0.143040,0.168485,0.293279,0.254870,0.447046,0.238596,-0.341431,-0.280465,-0.553920,-0.351788,-0.347484,0.343977,-0.240000,0.088646,0.217643,0.254103,0.458387,-0.252676,-0.198453,-0.179418,0.016244,0.039726,-0.491304,-0.036831,0.067458,-0.192328,-0.157972,-0.181558,-0.177051
0.229388,0.090681,0.205806,0.173038,-0.087101,0.020871,-0.443443,0.830930,0.041791,-0.429841,-0.071768,0.290515,0.227980,-0.263573,0.227480,0.177888,0.101980,-0.167031,-0.288177,-0.280954,0.071801,0.045814,-0.131532,0.171280,-0.015221,0.098516,0.170438,-0.102908,0.145916,-0.086844,-0.156496,-0.149339,-0.246700,-0.087886,0.064925,0.089975,0.183390,-0.201707,0.011628,-0.165129,0.025340,-0.122585,0.047991,-0.149831,-0.161666,-0.108333,-0.015752,0.221291,0.042257,-0.322613,-0.231983,0.111302,-0.090942,0.106351,-0.433655,-0.028749,-0.220694,0.094750,-0.102455,0.335668,0.228311,0.235993,0.193870,0.313395,0.125618,0.301243,0.087406,0.191986,-0.047525,-0.167186,0.073963,-0.048250,0.086007,-0.171276,-0.001136,0.052412,-0.005139,0.346997,0.349707,-0.399807,0.241967,0.303793,0.317317,0.491205,0.485041,0.113900,-0.128305,-0.163020,-0.040050,-0.128331,0.085811,-0.033862,-0.467572,-0.284483,-0.198489,0.117180,-0.241532,0.041425,-0.008795,0.262134,-0.186647,0.055366,0.336736,0.084263,-0.223373,0.077093,-0.511058,-0.310288,-0.048016,-0.236889,-0.056161,-0.285908,-0.357869,-0.306240,-0.014697,0.107821,0.092203,0.348156,0.279624,-0.232073,-0.521237,-0.576354,0.209633,-0.539717,-0.528441,-0.087034,0.387001,0.388256,0.002674,0.586938,0.008979,0.050616,-0.112453,0.157746,-0.062025,-0.028559,0.499832,0.080714,0.142518,-0.523515,0.040533,-0.069137,-0.277803,-0.341267,-0.244748,-0.394167,-0.262681,-0.213243,0.225438,-0.361182,-0.324757,-0.215398,0.265217,-0.348470,-0.050083,-0.461515,-0.195771,-0.264130,-0.194525,-0.307498,-0.174802,0.208707,-0.266025,0.020669,-0.092934,-0.457177,-0.134981,-0.048001,-0.004190,-0.363731,0.457919,-0.248449,0.503208,0.017664,0.055748,-0.149258,0.316373,-0.148615,-0.099029,-0.044730,0.410759,0.075298,0.000000,0.553285,0.097710,0.335841,-0.116664,0.208701,0.127298,-0.257432,-0.074757,-0.034257,-0.422434,-0.121986,0.185576,-0.003879,0.245667,0.229760,0.036112,0.007680,-0.258992,-0.253689,0.096129,0.156099,-0.202608,-0.053150,0.043553,0.084969,0.051007,0.431873,0.142589,-0.256828,-0.415659,0.142131,-0.203797,-0.210104,0.199183,-0.181614,-0.086492,0.117303,-0.060470,-0.688792,0.073999,0.259763,-0.320210,-0.331291,0.097287,0.129089,0.167138,-0.246488,0.017840,-0.116866,-0.489325,-0.259557,0.416567,0.043788,0.057375,0.286042,0.309912,0.093192,0.112620,0.424695,-0.078774,-0.025800,0.053335,0.080078,0.240180,-0.218426,-0.164721,0.257463,0.007915,-0.003338,-0.199148,0.066026,-0.189075,-0.204873,-0.197615,-0.130692,-0.359178,-0.071695,-0.326490,-0.035814,-0.272292,-0.066247
0.509419,0.343651,-0.059180,0.159387,-0.075760,-0.730311,-0.389871,0.584382,-0.287510,-0.542966,-0.415665,0.541180,0.728298,0.290334,0.377305,-0.149639,-0.205022,-0.346512,-0.458172,-0.695369,-0.338478,-0.120488,-0.462432,-0.376255,-0.480794,-0.324172,-0.204620,-0.206607,0.031866,-0.527970,-0.443008,-0.001182,-0.624539,-0.408258,-0.245660,-0.360750,-0.253629,-0.314617,-0.225334,-0.285495,-0.249011,-0.366502,-0.356419,-0.386688,-0.440220,-0.284534,0.138840,0.471055,-0.175003,-0.052557,-0.267057,0.347018,-0.046264,-0.090586,0.012894,0.502909,0.302612,0.573406,-0.261357,0.377290,0.081466,0.695850,0.125106,-0.003591,-0.122962,0.231481,-0.029408,0.361827,-0.309753,-0.351406,0.092911,0.133623,-0.143039,0.330176,-0.090510,-0.089168,-0.537429,1.001074,1.492281,-0.161016,0.265835,0.288816,0.005688,0.659236,0.165938,-0.066665,-0.348064,-0.399519,-0.236829,-0.423106,-0.299682,-0.234033,-0.330016,-0.642990,-0.334291,0.105017,-0.421093,0.189508,0.053643,0.330959,-0.247496,0.227742,0.889978,0.198577,-0.228805,0.255246,-0.801827,-0.339521,-0.428307,-0.438582,0.197305,0.060372,-0.711191,-0.517886,0.713145,-0.229196,0.075416,0.437441,-0.198969,-0.251871,-0.115390,-0.434825,0.444248,-0.423859,-0.396581,-0.327532,0.048903,0.372431,0.399839,0.607353,0.325985,-0.291091,-0.397005,0.174475,-0.258044,0.325272,0.827597,0.482577,0.479975,-0.726334,0.477118,0.320941,-0.230484,-0.032340,-0.087197,-0.308185,-0.039858,-0.122135,0.089768,-0.313184,-0.064665,-0.113760,0.297720,-0.430711,-0.197345,-0.386815,-0.051584,-0.161025,-0.129161,-0.198875,-0.079905,0.070478,-0.275254,-0.025671,-0.044961,-0.496068,-0.098848,0.257064,-0.020860,-0.233996,0.610918,0.154376,0.400745,0.052147,0.245055,-0.527422,0.719292,0.172340,-0.349090,-0.082868,-0.219870,-0.035326,0.553285,0.000000,-0.288667,0.321086,0.252385,0.569030,0.253019,-0.480866,-0.388411,-0.467319,-0.623463,-0.568337,-0.090985,-0.297257,0.095057,0.117333,-0.440857,-0.264851,-0.199385,-0.439880,0.367363,0.686838,0.233330,-0.005991,0.598551,0.168997,-0.001096,0.840309,-0.065155,-0.079549,-0.336323,0.052350,-0.073458,0.051842,0.088068,-0.187080,0.570278,0.425856,-0.196651,-0.192778,0.416081,0.497363,0.057819,-0.062540,0.113468,0.141341,0.113507,-0.236052,0.149583,0.129637,0.265336,0.089417,0.616523,0.087619,-0.086547,0.799254,0.878665,0.535946,0.785203,0.705867,-0.278471,0.011961,0.258112,0.095428,0.335310,-0.593978,0.130526,0.251214,0.187657,0.376731,0.228220,-0.293034,-0.607633,-0.058990,0.008392,-0.066830,-0.494873,0.036504,-0.701243,0.344192,-0.209328,-0.346808
-0.465444,-0.463269,-0.232975,0.085104,-0.201757,0.670025,0.366037,-0.253909,0.563834,0.106145,0.266071,-0.622743,-0.490220,-0.335631,-0.142332,-0.013051,0.629552,0.522171,0.647563,0.342999,0.166180,0.593152,0.509309,0.302059,0.252734,0.291036,0.447820,0.474432,-0.288286,0.285751,0.811897,-0.202938,0.298803,0.344225,0.307614,0.041814,0.292306,0.328033,0.704607,0.539442,0.166615,0.751482,0.460269,0.670146,0.573540,0.808384,-0.212881,-0.913260,-0.134760,0.114336,-0.039180,-0.454385,-0.322209,-0.428714,-0.247441,-0.660545,-0.327987,-0.435786,0.287862,-0.594718,0.406459,-0.636353,0.125970,0.254789,0.198476,0.027844,0.129840,-0.287143,0.272431,0.496050,0.017678,-0.856177,0.472311,-0.386316,0.580546,-0.456062,0.620215,-0.611977,-0.335530,-0.089732,0.249685,0.287278,-0.091173,-0.439839,0.039536,0.630529,0.780052,0.836994,0.734985,0.781096,0.736165,0.600620,0.349760,0.383350,0.639930,0.451414,0.589298,0.362987,0.260091,0.523615,0.532980,-0.128660,-0.118235,-0.010170,0.083659,0.035053,0.471596,-0.008508,-0.090257,-0.254929,-0.157948,0.240433,0.181177,0.363121,-0.639432,0.560370,0.647660,-0.251620,0.037619,0.550643,-0.099605,-0.022043,-0.191718,0.551105,0.461787,0.739657,0.785888,-0.125212,0.009363,0.026964,-0.088530,0.401655,0.691086,-0.404248,0.561987,-0.469754,-0.002590,-0.213502,0.042923,0.120172,-0.756893,-0.507735,-0.187983,-0.507607,-0.145973,0.119014,-0.274505,-0.168907,-0.071712,-0.149378,-0.293622,-0.009646,-0.588053,-0.191091,0.107284,-0.024625,-0.202196,0.015152,-0.177841,0.051089,-0.090851,0.032566,0.184029,-0.040425,0.039625,0.293843,-0.136785,-0.499547,-0.129715,-0.040867,-0.476499,-0.126766,-0.430529,0.387225,-0.291779,0.530118,-0.346903,-0.157807,0.126991,-0.389958,0.416001,-0.244704,0.097710,-0.288667,0.000000,-0.346592,0.043267,-0.424296,-0.504373,0.076170,0.124546,0.021600,0.196420,0.309079,0.375984,0.262873,-0.336811,0.209717,-0.094013,-0.041773,-0.014953,0.510249,-0.885859,-0.531194,-0.449043,-0.282506,-0.800928,-0.207996,-0.193190,-0.546384,-0.195379,-0.280143,0.108536,-0.099037,-0.666444,-0.393281,-0.041504,-0.223930,-0.652599,-0.528871,-0.157487,0.169802,0.071216,-0.072284,-0.133030,0.137492,-0.001506,-0.088749,-0.228236,0.051995,-0.092234,-0.620773,-0.472497,0.008906,-0.329635,-0.001012,-0.016845,-0.452681,-0.521841,-0.574420,-0.609172,0.069481,0.251030,0.131167,-0.063276,-0.053502,-0.323606,0.682198,0.002791,-0.197163,-0.367034,-0.961317,0.046662,0.266597,0.184458,-0.323362,-0.344035,0.193156,-0.023455,-0.423996,0.443870,-0.507961,0.085024,0.061813
0.179330,0.007288,0.264732,0.506744,0.464970,-0.327312,-0.222196,0.201910,-0.643100,-0.268967,-0.450554,0.413193,0.390770,0.251901,-0.178229,-0.032018,-0.245393,-0.558753,-0.526740,-0.155542,-0.095729,-0.329533,-0.322289,-0.132599,-0.237590,-0.213423,-0.470518,-0.406026,0.189591,-0.049544,-0.356842,-0.164973,-0.267399,-0.050659,-0.156833,0.073668,-0.277960,-0.349947,-0.407832,-0.383777,-0.229181,-0.490714,-0.413022,-0.457019,-0.316384,-0.389674,-0.022006,0.618155,0.081960,-0.050833,0.113351,0.667128,0.119969,0.048511,-0.128821,0.245415,0.152194,0.128095,-0.578897,0.127579,-0.508549,0.481386,-0.478302,-0.422935,-0.483526,-0.473155,-0.484233,0.038564,-0.297763,-0.510895,-0.506387,0.132839,-0.574065,0.444877,-0.205026,0.302255,-0.556858,0.494318,0.268667,0.150621,-0.323281,-0.211110,-0.066103,0.163998,0.314536,-0.515963,-0.695160,-0.555988,-0.459058,-0.581545,-0.541284,-0.640370,-0.303083,-0.399355,-0.582902,-0.360001,-0.590451,-0.641358,-0.450238,-0.295248,-0.311967,-0.168439,0.031325,-0.411515,-0.230583,-0.086955,-0.616318,-0.253360,-0.041264,-0.085576,-0.389951,-0.457037,-0.565158,-0.790086,0.240148,-0.572817,-0.439770,0.086974,0.390956,-0.497491,-0.365887,-0.116136,-0.098101,-0.513054,-0.187550,-0.385365,-0.277113,-0.225364,-0.202462,0.040817,-0.481291,-0.051994,-0.656032,0.126266,-0.321143,0.322915,-0.068533,-0.261312,-0.202123,-0.089450,0.163225,0.490225,0.247843,0.438898,0.204040,0.040747,0.366521,0.226083,0.440224,0.294456,0.065434,0.061503,0.170963,0.029435,0.166166,-0.066444,0.340828,0.213151,0.094090,-0.017236,-0.087936,0.261714,0.017440,0.302736,0.313021,-0.035477,0.204180,0.487410,0.293828,0.062705,0.600290,0.250576,0.382948,-0.356267,1.130333,0.136738,0.350157,0.081424,0.632738,0.323395,-0.344094,0.119774,0.335841,0.321086,-0.346592,0.000000,-0.248498,0.522288,0.391327,0.356249,0.276253,0.064220,0.088336,0.316207,-0.111403,-0.176782,0.249878,0.079134,0.502339,0.257232,0.258864,-0.248272,0.417202,0.357683,0.717994,0.492108,0.459265,0.503525,0.395029,0.616483,-0.215613,-0.243587,-0.150130,-0.033711,0.201181,0.006474,-0.280051,-0.058424,0.146835,0.356671,-0.105942,-0.334176,-0.149358,-0.149249,-0.187605,-0.296998,-0.204574,0.623594,-0.466721,-0.462554,-0.350107,0.371840,-0.087641,0.222710,0.470682,-0.143450,-0.489640,0.159923,0.380489,0.286659,0.521469,0.174922,0.423019,0.050358,-0.046351,-0.078689,0.293588,-0.216090,-0.415301,-0.411343,0.499912,0.640795,0.407319,-0.063739,0.220502,0.713339,0.308397,0.333486,0.247885,0.567437,-0.132721,0.879362,0.372295,0.548806
0.121724,-0.029273,-0.002070,-0.002041,-0.077580,-0.070875,-0.303341,-0.147072,0.031216,0.177256,-0.282641,0.144326,-0.132935,0.086431,0.091936,-0.119943,0.111835,0.292838,0.355007,0.103434,0.006454,0.088546,0.205105,-0.037502,0.026503,0.057765,0.034403,0.422798,-0.178713,0.183644,0.230638,0.282312,0.056761,0.221210,0.379414,-0.131510,-0.109331,0.303410,0.232669,0.304581,0.026674,0.215053,0.045629,0.211012,0.080404,0.104774,0.173350,-0.069833,-0.123223,-0.090849,-0.222449,0.110512,-0.045497,-0.123776,0.005869,0.029998,0.307567,0.158665,0.014317,-0.077923,-0.001392,-0.109371,0.247544,-0.108022,0.020888,0.139650,0.175287,0.244716,0.044771,0.090913,0.093612,-0.094147,0.125781,0.054081,-0.178757,0.140140,-0.416500,0.091777,0.452432,-0.741804,0.102851,0.414686,-0.320818,0.089820,-0.262719,0.290469,0.132013,0.020965,0.010626,-0.124740,-0.101488,-0.026786,-0.292774,-0.452167,-0.158824,0.412521,0.005575,0.646257,0.514115,0.290237,-0.038439,0.542172,0.662132,0.638239,-0.099624,0.032199,-0.212441,-0.252629,0.080729,-0.042858,0.265068,0.184282,-0.201061,-0.196401,0.023182,0.029068,0.299454,0.148028,-0.137123,0.274954,0.230362,-0.255257,-0.146085,-0.155198,-0.078920,-0.360833,0.269172,0.160378,0.625141,-0.013595,0.935762,-0.335807,0.032895,-0.144609,-0.386521,-0.064938,0.564766,0.432424,0.316335,-0.052100,0.005820,-0.106630,-0.550500,-0.097418,-0.266653,-0.145221,0.034355,-0.236451,-0.203504,-0.197557,-0.294771,-0.254117,0.130422,-0.038339,-0.104541,-0.001448,-0.020790,-0.135889,-0.134369,-0.354205,-0.015083,-0.105130,-0.382045,0.165708,-0.071084,-0.117198,-0.249713,0.079646,0.019335,-0.186575,-0.074622,0.083469,-0.135113,0.740607,-0.114778,-0.130559,-0.013075,-0.260701,-0.346575,-0.002833,-0.392869,-0.199735,-0.116664,0.252385,0.043267,-0.248498,0.000000,-0.322338,-0.308016,-0.392613,-0.289898,-0.609564,-0.651658,-0.764452,-0.072021,-0.028500,-0.041991,-0.252955,-0.632857,-0.264277,-0.031418,-0.006076,-0.287626,-0.063680,-0.126366,-0.050831,-0.004830,-0.117370,0.001265,0.008150,-0.105819,-0.224438,0.046116,-0.003841,-0.329282,-0.055630,-0.094374,-0.323836,0.084482,-0.227863,-0.180720,-0.172420,0.506977,0.085830,-0.062979,0.007494,0.559653,0.311861,0.120374,0.434527,0.165014,-0.216741,0.546400,-0.347864,-0.262697,0.553610,0.066137,0.079032,-0.041652,0.080794,0.232200,0.722667,-0.016137,-0.359407,-0.175583,-0.158256,-0.068157,-0.004951,0.375833,0.277005,-0.525965,-0.031758,-0.032660,-0.179823,-0.027374,-0.245540,0.354377,0.073409,-0.019795,-0.637188,-0.051278,-0.031152,-0.142475,-0.089500
0.295220,0.365778,0.185696,0.337925,0.093200,-0.764145,-0.299807,0.425295,-0.658640,-0.222175,-0.061309,0.449474,1.043376,0.310990,0.278122,-0.007385,-0.441392,-0.623176,-0.758152,-0.471441,-0.530263,-0.277218,-0.555649,-0.308741,-0.664238,-0.533951,-0.475846,-0.613692,0.079475,-0.569164,-0.686134,-0.154115,-0.494040,-0.437798,-0.380912,-0.281116,-0.324237,-0.556321,-0.621852,-0.643291,-0.415842,-0.642825,-0.545737,-0.726208,-0.630365,-0.576595,0.194812,0.732744,0.043633,0.476066,0.193716,0.421310,0.159916,0.023489,0.224380,0.570102,0.145935,0.556977,0.050034,0.579193,-0.124934,0.945322,-0.082563,-0.132603,-0.362073,-0.094834,-0.561789,0.119330,-0.393811,-0.553824,-0.108747,0.349930,-0.579830,0.373647,-0.296662,0.061726,-0.155150,0.535652,0.339594,0.542226,-0.227213,-0.389908,-0.178010,0.393417,0.052769,-0.753052,-0.752892,-0.761992,-0.537269,-0.574457,-0.392510,-0.506409,-0.089358,-0.323888,-0.384072,-0.583052,-0.600447,-0.554224,-0.569813,-0.255163,-0.399049,-0.310998,0.032223,-0.445338,-0.215197,0.109306,-0.569464,-0.172532,-0.200213,-0.029223,-0.119972,-0.271819,-0.443109,-0.447923,0.736724,-0.722240,-0.541205,0.168707,-0.051222,-0.833482,-0.242068,0.038100,0.348545,-0.281542,-0.398721,-0.158717,-0.552833,0.019838,-0.396337,0.308699,-0.339206,-0.357628,-0.800879,0.068959,-0.242678,0.226735,-0.094648,0.209191,-0.098555,-0.406321,0.251500,0.539573,0.178765,0.216102,0.239632,-0.125444,0.125740,0.156539,0.200076,0.153813,0.183694,0.131130,0.001717,-0.205376,-0.062873,-0.189004,0.153102,0.019200,0.233476,0.218482,-0.044192,0.105677,0.088309,-0.356370,0.152825,-0.145494,0.215030,0.285966,0.049823,0.021061,0.559225,0.073248,0.254230,-0.521694,0.446886,-0.176429,0.575878,0.825310,0.126006,0.176530,-0.286739,0.363923,0.208701,0.569030,-0.424296,0.522288,-0.322338,0.000000,0.856571,0.082370,-0.018273,0.009454,0.114867,-0.002977,-0.270840,-0.445969,0.169601,0.166018,0.072429,-0.065391,0.022368,-0.153924,0.775527,0.820370,0.543885,0.323237,0.860916,0.546493,0.408727,0.645854,0.159342,0.111802,-0.008226,0.001851,0.375287,0.452286,0.281759,-0.082433,0.465317,1.185241,-0.088365,0.111753,-0.120611,0.085491,0.133625,0.071707,-0.261376,0.114344,-0.101383,-0.538880,-0.274128,0.207300,0.080686,0.239638,0.727640,-0.134080,-0.184379,0.499532,0.627844,0.620082,0.674467,-0.057364,-0.380300,-0.002833,0.038533,0.217111,0.560920,-0.482996,-0.218945,-0.138507,0.923097,0.742940,0.437750,-0.341521,-0.358528,0.463895,-0.188621,-0.049054,-0.134886,0.585067,-0.277215,0.423705,0.163712,-0.047517
0.495171,0.626567,0.462792,0.165362,-0.007359,-0.489750,-0.347799,0.136012,-0.481251,-0.023979,0.149771,0.602852,0.603370,0.064116,0.240731,0.176655,-0.437050,-0.480338,-0.700101,-0.374733,-0.245477,-0.366394,-0.394821,-0.212426,-0.205408,-0.257102,-0.297835,-0.577185,0.086127,-0.491209,-0.695262,0.101817,-0.492702,-0.280520,-0.124752,0.004518,-0.076473,-0.185797,-0.697578,-0.543230,-0.282608,-0.725699,-0.253461,-0.709196,-0.640440,-0.621657,0.050310,0.716548,0.279855,0.215968,0.331951,0.437849,0.279095,0.280763,0.243524,0.627074,0.024698,0.302365,0.038742,0.673143,-0.315677,0.770552,-0.240130,-0.121836,-0.255680,-0.187463,-0.259263,0.167442,-0.202255,-0.490227,-0.194757,0.595466,-0.505289,0.063760,-0.499743,0.305905,-0.179907,0.518278,0.087176,0.264765,-0.479585,-0.495910,0.085494,0.300563,0.342283,-0.827741,-0.767088,-0.662447,-0.467201,-0.435803,-0.286171,-0.499132,-0.256972,-0.160594,-0.484842,-0.487370,-0.375997,-0.604085,-0.369894,-0.431535,-0.192484,-0.089120,-0.163541,-0.287829,0.083979,0.120060,-0.321276,0.177426,0.126880,0.353817,0.149739,-0.208765,-0.091217,-0.198953,0.671105,-0.542837,-0.667567,-0.012087,-0.023028,-1.178079,0.118526,0.453676,0.280378,-0.495859,-0.704264,-0.373361,-0.797246,0.122284,-0.388676,0.207074,-0.284241,-0.137934,-0.671903,0.353798,-0.220285,0.269233,-0.304046,0.128420,-0.189357,-0.348678,0.294822,0.184654,-0.009639,0.029536,-0.018151,-0.440315,-0.189897,-0.029124,-0.168073,-0.120397,-0.084826,-0.148281,0.088076,-0.037063,-0.455457,-0.405846,-0.183726,-0.265955,0.052627,-0.098335,-0.275913,-0.295879,-0.174621,-0.511541,-0.194017,-0.446860,-0.024257,0.521808,-0.305514,-0.277416,0.536923,-0.160009,0.252175,-0.735035,0.470111,-0.368137,0.438162,0.637444,-0.041511,0.287742,-0.065587,0.358878,0.127298,0.253019,-0.504373,0.391327,-0.308016,0.856571,0.000000,0.217917,-0.098586,0.356456,0.100753,-0.017891,-0.410724,-0.200062,0.297854,-0.052285,0.231828,0.091136,0.108459,-0.216301,0.710291,0.786054,0.292239,0.411071,0.937566,0.399848,0.498952,0.649495,0.411563,0.395535,-0.055228,0.009044,0.713979,0.383158,0.353715,0.087306,0.484934,0.839349,0.227925,-0.064933,-0.530460,-0.092216,-0.185385,-0.016375,-0.183276,-0.020483,0.003271,-0.478629,-0.399550,0.183266,-0.053821,0.170838,0.617586,0.054403,-0.002212,0.418899,0.551068,0.538646,0.539922,-0.246592,-0.227920,-0.170253,-0.066036,0.218329,0.357427,-0.442580,0.012317,-0.151231,0.616895,0.578111,0.053482,-0.310123,-0.198946,0.195841,-0.201387,-0.325699,-0.206148,0.264478,-0.298834,0.159089,-0.132646,-0.083488
-0.147063,-0.049612,-0.175324,0.711882,0.560193,0.096680,0.214173,-0.236808,-0.402079,-0.099421,0.039923,-0.252553,0.015261,0.123687,-0.744414,-0.102505,-0.115940,-0.390018,-0.206990,0.178544,-0.059878,-0.366873,-0.123837,-0.136426,-0.020265,-0.192834,-0.413886,-0.312887,-0.116574,0.247058,0.005808,-0.494752,0.169117,0.021178,-0.206985,0.084039,-0.246128,-0.149900,-0.306912,-0.272047,-0.335624,-0.236309,-0.271521,-0.174426,-0.085869,-0.116831,-0.290446,-0.013600,0.020834,0.376067,0.107250,0.070939,-0.044064,-0.145246,-0.321742,-0.139125,-0.066487,-0.324167,0.065508,-0.297313,-0.380902,-0.127968,-0.437629,-0.539793,-0.505667,-0.809166,-0.546591,-0.420278,-0.228699,-0.254500,-0.476780,-0.108310,-0.398618,-0.154673,-0.301177,0.095617,0.110918,-0.105959,-0.454091,0.432684,-0.543650,-0.813451,-0.224490,-0.157067,-0.134653,-0.374979,-0.366788,-0.261815,-0.330524,-0.216584,-0.312872,-0.583835,0.029252,0.339294,-0.322309,-0.421762,-0.338708,-0.415816,-0.676083,-0.475905,-0.238407,-0.406888,-0.837097,-0.416921,-0.390264,0.247486,0.026671,-0.185872,-0.025352,0.072882,-0.755762,0.155322,-0.106822,0.260172,-0.216569,-0.336283,-0.516568,0.067572,0.169804,-0.214999,-0.075640,0.520476,-0.373468,0.026072,0.180694,-0.092946,-0.304622,-0.872157,-0.732556,-0.532612,-0.525126,-0.137699,-0.353292,-0.008160,0.077102,-0.109282,-0.518339,-0.323698,-0.938370,0.029216,-0.148690,0.069262,0.344320,0.248437,0.357746,0.287065,0.262275,0.232991,0.175103,0.389049,0.226234,0.185164,-0.465737,-0.149783,0.159640,0.262099,0.264271,0.371312,0.274694,0.092752,-0.045281,0.103477,0.292940,-0.161243,0.167247,0.399738,0.375281,0.124436,0.129701,0.182446,0.088108,0.082280,0.021752,-0.061438,0.495790,0.600599,0.182288,0.488590,0.647403,0.542598,-0.049577,-0.155997,-0.257432,-0.480866,0.076170,0.356249,-0.392613,0.082370,0.217917,0.000000,0.723239,0.829505,1.141123,0.946375,0.323318,0.457556,0.451309,0.436782,0.692333,0.991493,0.973668,0.782004,0.029715,0.142010,0.231112,0.784054,0.049911,0.674875,0.582477,-0.298381,-0.337011,-0.188254,0.375800,0.288128,0.272777,0.020038,-0.299086,0.337377,-0.153560,0.020011,0.049670,0.050113,-0.471246,-0.756413,-0.302657,0.169377,-0.493010,0.152330,-0.743880,-0.378995,-0.558677,0.222194,-0.415427,0.386104,-0.146245,-0.262829,-0.422625,-0.506633,-0.281426,-0.251039,-0.192339,-0.377659,0.434745,0.231664,0.050319,0.240214,-0.149499,0.146521,-0.172554,-0.875561,0.557691,0.066123,0.170278,-0.079697,0.508873,0.600773,-0.021848,0.456077,0.535526,0.536367,0.776939,0.338216,0.635602,0.692800
-0.261222,-0.208588,-0.156105,0.455944,0.305011,0.192999,-0.094116,-0.038439,-0.088587,-0.147965,0.114169,-0.302264,-0.136996,-0.178555,-0.489642,0.212776,0.222632,-0.035550,0.110319,0.493297,0.351552,-0.021915,0.302139,0.163061,0.223344,0.262354,-0.019622,0.077015,-0.102847,0.477757,0.317711,-0.424040,0.623144,0.283068,0.078856,0.327342,0.172723,0.039632,0.119672,0.106829,-0.070040,0.101015,-0.089706,0.142826,0.261248,0.152654,-0.403849,-0.138635,0.109734,0.084710,0.185843,0.018668,-0.050373,0.018571,-0.456849,-0.349507,-0.394747,-0.465129,-0.056155,-0.435861,-0.290900,-0.176815,-0.176003,-0.242260,-0.205848,-0.424837,-0.023705,-0.338252,0.081293,-0.052103,-0.361180,-0.182096,-0.196873,0.000707,-0.217481,-0.045265,0.012903,-0.084039,-0.309977,0.072342,-0.285560,-0.369785,-0.198923,-0.164096,-0.127515,-0.110717,-0.059179,-0.036297,-0.248797,-0.116529,-0.123667,-0.250764,-0.164074,0.515350,-0.228401,-0.367312,-0.207833,-0.311140,-0.526060,-0.145943,-0.310444,-0.271277,-0.375459,-0.403267,-0.375619,-0.132756,-0.010693,-0.293266,-0.035638,-0.071241,-0.609701,-0.099518,-0.160274,0.113892,-0.317109,-0.233074,-0.241252,0.090879,0.456828,0.135446,-0.375764,-0.075119,-0.325511,0.035439,0.166544,-0.022260,0.076115,-0.750875,-0.341062,-0.461275,-0.399045,-0.078863,-0.079019,-0.085398,-0.171981,-0.147670,-0.208706,-0.392925,-0.515526,0.117586,-0.291384,-0.000888,0.157244,0.100388,0.049457,0.234288,0.150158,-0.064876,0.246776,0.143544,0.000965,0.012287,-0.244770,-0.182421,0.211666,0.157013,0.138832,0.273782,-0.053800,-0.047191,0.105615,0.062404,0.047572,0.056525,0.089889,0.295787,0.095680,-0.209162,0.180129,0.024663,-0.005434,-0.109888,0.003571,-0.047876,0.178178,0.971876,0.019246,0.001813,0.684534,0.278114,-0.044878,-0.180741,-0.074757,-0.388411,0.124546,0.276253,-0.289898,-0.018273,-0.098586,0.723239,0.000000,0.565816,0.492369,0.731031,0.549744,0.130102,0.188639,0.619054,0.856363,0.594116,0.685650,0.590520,-0.006562,-0.169461,0.055342,0.330867,-0.278899,0.248943,0.147744,-0.385362,-0.306118,-0.461308,0.035457,-0.038566,-0.172961,-0.208727,-0.352351,0.205035,-0.356403,-0.220843,0.139843,-0.050113,-0.186041,-0.537387,-0.335171,-0.108211,-0.126738,0.151047,-0.609800,-0.220010,-0.387379,0.108792,-0.381354,-0.049534,-0.221289,0.014062,-0.286363,-0.449283,-0.373547,-0.170488,-0.225556,-0.174127,0.255627,0.062502,-0.120435,0.177026,-0.346753,0.250671,-0.427901,-0.493951,0.105307,-0.065300,0.080817,-0.045299,0.734676,0.246056,-0.011376,0.390711,0.879191,0.243636,0.797925,0.260995,0.226030,0.723045
0.042338,0.199015,-0.020383,0.243003,0.046543,0.223408,0.059095,0.072585,-0.005691,-0.224731,0.356348,-0.211824,0.045884,-0.387551,-0.276764,0.255852,0.075393,-0.172843,-0.115630,0.079642,0.162465,-0.171763,0.009092,-0.029134,0.272662,0.045227,0.035066,-0.225194,-0.149515,0.059487,0.000965,-0.216039,0.060224,-0.060484,-0.023144,0.254966,0.183066,0.162764,-0.168732,-0.150605,-0.144346,-0.071039,0.124929,0.003473,0.108353,0.056873,-0.492401,-0.066822,0.242293,0.089094,0.257281,-0.256727,-0.050906,0.038809,-0.321239,-0.191815,-0.553222,-0.478865,0.044858,-0.089083,-0.186384,-0.100885,-0.078408,0.048452,-0.005739,-0.210678,0.020012,-0.345676,0.009726,0.033162,-0.124864,-0.015106,-0.100054,-0.517187,-0.205036,0.093277,0.278289,-0.117409,-0.488653,0.275202,-0.318761,-0.544151,0.214249,0.004631,0.097181,-0.241767,-0.185534,-0.114633,-0.043264,0.019573,0.002880,-0.171544,0.005597,0.812365,-0.106853,-0.247289,-0.003927,-0.380960,-0.409217,-0.272022,-0.057120,-0.143894,-0.878453,-0.457737,-0.040369,0.159843,0.252224,0.200039,0.160211,0.323745,-0.260717,0.041267,0.266227,0.570644,-0.207017,0.005749,-0.303557,0.095647,0.367962,-0.233896,-0.025884,0.557741,0.134395,-0.066513,-0.041724,-0.058224,-0.275058,-0.211731,-0.592348,-0.051836,-0.337719,0.149398,0.008563,0.470889,0.303216,0.159668,-0.395165,-0.401762,-0.556875,-0.139685,0.031182,-0.211441,0.054889,-0.171797,-0.124835,-0.218229,-0.323283,-0.231477,-0.040048,-0.127010,-0.038988,-0.242258,-0.207640,-0.115703,-0.207890,-0.207976,-0.250039,-0.120627,-0.070446,-0.228599,-0.275665,-0.228907,-0.106795,-0.364447,-0.158619,-0.101519,-0.099246,0.108425,-0.295170,-0.261906,0.112745,-0.190748,0.172182,-0.253386,0.202404,0.129933,0.187968,0.314904,0.242337,0.316766,0.400325,0.039628,-0.034257,-0.467319,0.021600,0.064220,-0.609564,0.009454,0.356456,0.829505,0.565816,0.000000,0.731008,0.809341,0.306735,0.474681,0.419660,0.444249,0.901844,0.803740,0.404880,0.403397,0.073113,0.188659,-0.224014,0.350835,0.018752,0.184435,0.167922,-0.229948,0.031085,0.098613,-0.054822,0.204278,0.341673,-0.154688,0.035209,0.532367,-0.263813,-0.044327,0.709065,-0.017902,-0.517727,-0.490696,-0.355235,-0.050575,-0.489329,-0.253939,-0.249803,-0.239324,-0.326615,0.017506,-0.643555,0.139592,0.161800,-0.175207,0.110940,-0.323259,0.001553,-0.199016,-0.434420,-0.720811,0.002849,0.058066,0.011314,0.420950,-0.374399,0.086412,-0.038200,-0.279472,0.285736,-0.131481,-0.331091,0.013806,0.245944,0.000672,-0.315915,-0.200318,0.103460,0.278933,0.342321,-0.109346,-0.010846,0.103920
-0.250302,-0.033429,-0.255124,0.320265,0.312692,0.162985,0.454897,-0.326315,-0.221157,0.059632,0.253497,-0.486825,-0.000357,0.034009,-0.547006,-0.109328,-0.033499,-0.230797,-0.055226,0.133053,-0.100917,-0.088097,-0.064095,-0.142726,-0.090933,-0.166055,-0.263112,-0.247430,-0.172529,0.012766,0.079554,-0.383468,0.125161,-0.078978,-0.250701,0.036182,-0.118858,-0.063578,-0.167444,-0.142318,-0.239549,-0.020711,-0.112434,0.016685,0.117018,0.106188,-0.277030,-0.243734,0.001621,0.577081,0.241371,-0.241710,-0.054670,-0.259171,-0.118336,-0.256302,-0.205108,-0.369271,0.121412,-0.386931,-0.196074,-0.232330,-0.329845,-0.311625,-0.342373,-0.597342,-0.458735,-0.595979,-0.147294,-0.053379,-0.318746,-0.177711,-0.265342,-0.151999,0.004685,-0.101279,0.388549,-0.398361,-0.660397,0.956211,-0.397155,-0.782565,-0.200243,-0.353753,-0.258475,-0.291737,-0.081817,0.020421,-0.031824,0.118258,-0.048409,-0.181835,0.485284,0.643945,0.115140,-0.382914,0.002915,-0.460854,-0.543122,-0.397588,0.068199,-0.580749,-1.161276,-0.657101,-0.129671,0.156584,0.406186,0.087520,-0.050041,0.114836,-0.560546,0.124832,0.113035,0.402652,-0.201312,-0.202340,-0.329505,-0.170137,0.035246,-0.088670,-0.029236,0.675403,-0.148838,0.430998,0.462510,0.342292,-0.373349,-0.739574,-0.757270,-0.330850,-0.650293,0.060768,-0.062491,-0.096178,0.442408,-0.032810,-0.803072,-0.463707,-0.660739,0.154671,-0.193973,0.007867,0.433941,0.137658,0.345171,0.369850,0.115960,0.230602,0.100984,0.430592,0.302681,0.252895,-0.741666,-0.059748,0.162624,0.241849,0.143239,0.324885,0.217937,0.292790,-0.043841,0.031531,0.470002,-0.335515,0.157386,0.505094,0.293657,-0.011545,-0.001439,0.270105,-0.105687,0.042750,-0.155186,-0.235910,0.263450,0.530076,0.010823,0.591511,0.545911,0.261515,0.064931,-0.036160,-0.422434,-0.623463,0.196420,0.088336,-0.651658,0.114867,0.100753,1.141123,0.492369,0.731008,0.000000,1.253193,0.192696,0.236155,0.092916,0.335529,0.504251,0.533039,0.534530,0.618843,-0.052482,0.069964,0.141708,0.425005,-0.103411,0.342587,0.272409,-0.517732,-0.312054,0.019227,0.341981,0.104522,0.254880,0.025248,-0.143635,0.242214,-0.290879,0.016703,0.069054,0.406406,-0.418382,-0.561352,-0.004989,0.280255,-0.671726,-0.156552,-0.627040,-0.315420,-0.491130,0.056648,-0.448958,0.440246,-0.068969,-0.503646,-0.300408,-0.550062,-0.312859,-0.330919,-0.376209,-0.733497,0.250549,0.312869,0.073340,0.212640,-0.216549,0.207696,-0.161495,-0.738787,0.628814,-0.123030,0.230949,0.012443,0.370414,0.456957,-0.279175,0.260050,0.323357,0.552786,0.692764,0.051053,0.593770,0.364010
-0.295357,-0.198475,-0.156745,0.348201,0.251923,0.366138,0.379111,-0.173068,-0.073512,-0.073112,0.250973,-0.534060,-0.101008,-0.181686,-0.582776,0.086390,0.137389,-0.161247,0.013978,0.235627,0.179972,0.016845,0.032569,0.001173,0.125449,0.088487,-0.051622,-0.154112,-0.160324,0.197467,0.194510,-0.386564,0.193192,0.030476,-0.131330,0.285061,0.085151,0.045353,-0.029187,-0.054363,-0.104024,0.075949,0.010473,0.122886,0.260332,0.260111,-0.453061,-0.259285,0.088756,0.259989,0.245077,-0.206380,-0.067591,-0.202701,-0.311082,-0.419949,-0.471950,-0.601840,-0.110764,-0.472695,-0.267661,-0.281853,-0.283837,-0.183735,-0.232067,-0.542002,-0.268266,-0.655590,-0.003337,0.039215,-0.370926,-0.313834,-0.204234,-0.115258,0.190565,-0.139780,0.315959,-0.326281,-0.582532,0.619424,-0.324306,-0.439341,-0.016612,-0.425597,0.005497,-0.132797,0.020188,0.154256,0.126108,0.217102,0.088357,-0.056459,0.372985,0.728598,0.156188,-0.255138,0.089208,-0.524428,-0.495641,-0.280385,0.140247,-0.412687,-0.937745,-0.853850,-0.030316,-0.030230,0.352329,0.103524,-0.022279,0.042779,-0.586528,-0.058782,0.124143,0.244703,-0.331074,-0.086103,-0.129361,-0.199949,0.386385,0.031641,-0.247554,0.393092,-0.102901,0.313687,0.454245,0.347961,-0.136260,-0.586912,-0.596116,-0.175759,-0.749315,0.330748,0.096980,0.043613,0.476052,0.060168,-0.636182,-0.855749,-0.484316,0.244097,-0.245203,0.014133,0.399926,0.064530,0.211122,0.315102,0.042198,0.133954,0.219310,0.304469,0.128930,0.132657,-0.486259,0.000717,0.182608,0.079548,0.090797,0.292083,0.074226,0.181324,-0.136933,0.075148,0.354131,-0.081704,0.250960,0.439470,0.163154,-0.027976,0.018023,0.172341,-0.068126,0.083612,-0.086726,-0.281947,0.391905,0.634917,-0.055671,0.196146,0.809385,0.090927,0.157399,-0.085672,-0.121986,-0.568337,0.309079,0.316207,-0.764452,-0.002977,-0.017891,0.946375,0.731031,0.809341,1.253193,0.000000,0.273010,0.272727,0.023736,0.376763,0.827488,0.509733,0.442902,0.438683,-0.145804,-0.091938,0.075137,0.294427,-0.236891,0.193634,0.108035,-0.385366,-0.349464,-0.156028,0.059395,-0.036669,0.045281,-0.197705,-0.324565,0.201570,-0.492555,-0.142286,0.197696,0.134912,-0.448933,-0.631067,-0.189537,-0.101374,-0.608973,-0.019423,-0.722273,-0.344488,-0.461903,-0.046314,-0.660866,0.305972,0.062423,-0.468221,-0.305719,-0.592530,-0.225578,-0.386434,-0.439418,-0.590888,0.402183,0.343788,-0.064485,0.137337,-0.371619,0.345980,-0.320417,-0.738048,0.359178,-0.240699,0.165858,0.190186,0.588979,0.375502,-0.227352,0.284558,0.354416,0.519153,0.535747,0.071674,0.459423,0.471540
0.008377,-0.001415,-0.436402,0.285919,0.231425,0.147075,0.081340,0.227515,0.246320,-0.524671,-0.004946,-0.324038,-0.305523,-0.221190,-0.482042,-0.239946,0.527764,0.092166,0.199916,0.087883,0.155010,0.224531,0.102244,-0.060408,-0.017951,0.156129,0.226271,0.203211,-0.215361,0.116282,0.523030,-0.910989,0.332136,-0.056094,-0.046335,-0.012745,0.125929,-0.098479,0.446676,0.255184,-0.109941,0.346739,0.113194,0.380039,0.408096,0.449113,-0.533181,-0.597683,-0.542990,-0.231486,-0.299175,-0.429336,-0.798706,-0.385726,-0.952175,-0.713550,-0.199218,-0.389303,-0.036059,-0.641344,0.209773,-0.618239,-0.030592,-0.044828,-0.090190,-0.135090,0.044213,-0.501326,-0.266798,0.113939,-0.035196,-0.768800,0.186687,-0.495455,0.027768,-0.359334,0.231088,-0.119397,0.003456,-0.234656,0.400518,0.115201,0.030554,0.079491,-0.110013,0.512715,0.181723,0.144310,-0.052199,0.039514,0.000280,-0.011037,-0.205339,0.279198,-0.067070,0.328015,-0.152008,0.479330,-0.026336,0.525189,-0.158666,0.064220,0.032975,0.159510,-0.627966,0.614119,-0.049174,-0.538175,-0.397541,-0.527868,-0.573881,0.527126,-0.263435,0.308906,-0.696364,0.190150,0.242204,0.415779,0.125877,0.397038,-0.118901,-0.345311,-0.303704,0.023557,0.229274,0.071383,0.581923,-0.357590,0.108913,-0.121701,0.119454,-0.069024,0.178636,-0.172804,0.131008,-0.451669,0.461021,-0.195358,-0.100357,-0.153106,-0.008687,-0.176025,0.003900,-0.316423,-0.068865,0.171366,-0.040625,-0.202886,0.344174,-0.123894,-0.059670,0.025850,-0.304178,-0.850791,0.222373,0.013078,0.016460,0.298918,-0.197868,-0.235183,0.197489,0.267312,-0.066727,0.061203,-0.036065,0.060966,0.020195,-0.256696,0.164070,-0.057895,0.189571,-0.095068,0.428309,0.571568,-0.242306,0.444342,0.244872,-0.027905,0.234577,0.121375,0.404911,-0.549942,0.185576,-0.090985,0.375984,-0.111403,-0.072021,-0.270840,-0.410724,0.323318,0.549744,0.306735,0.192696,0.273010,0.000000,0.624689,0.359777,1.249516,0.083384,0.690668,0.329224,0.763130,-0.409113,-0.094822,-0.391802,0.033228,-0.617634,0.167072,-0.104806,-0.444419,-0.415817,-0.708228,-0.100492,0.166850,-0.563710,-0.738843,-0.274614,0.149566,-0.487648,-0.668110,-0.106272,-0.089917,0.176393,0.038347,-0.277348,0.157113,-0.222557,-0.041189,-0.272182,-0.131641,-0.018985,0.121138,-0.334298,0.060996,-0.379817,-0.360133,-0.280928,-0.548988,-0.396966,-0.801823,-0.523270,0.266156,0.213745,0.150929,0.395232,0.419772,-0.302482,0.098459,0.044581,-0.032618,-0.110196,-0.495733,-0.139012,-0.026267,0.169285,-0.136809,-0.259775,0.224257,0.164479,-0.029575,0.462364,-0.028200,0.071499,0.183932
-0.049175,-0.105573,-0.290924,0.170345,0.181622,0.450454,0.315379,0.013497,0.178216,-0.298909,0.020415,-0.258282,-0.345435,-0.111496,-0.601312,-0.243603,0.056293,-0.019065,-0.010753,0.125434,0.071318,-0.217777,-0.186207,-0.119528,0.078770,0.020921,0.119098,-0.074330,-0.333036,0.269770,0.159708,-0.545692,0.223996,-0.244615,-0.220170,0.023777,-0.099908,-0.076604,0.006400,-0.109538,-0.263820,-0.021285,-0.035616,-0.011492,-0.022148,0.110544,-0.421508,-0.360537,-0.408520,-0.205252,-0.545575,-0.311049,-0.504804,-0.337383,-0.527599,-0.408189,-0.140877,-0.450912,0.135103,-0.325109,0.110325,-0.548567,0.054719,-0.065570,-0.071635,-0.149369,-0.099653,-0.359208,-0.149836,0.046397,-0.033933,-0.439257,0.228602,-0.443543,0.083361,-0.173550,0.329462,-0.118881,-0.153589,-0.166111,0.140864,0.085659,0.145153,-0.090113,0.005318,0.439452,0.120124,0.119945,0.108315,0.103928,0.158992,-0.052848,-0.007041,0.230455,-0.022796,0.421434,-0.016439,0.450226,0.036013,0.142555,-0.021310,0.258481,-0.202282,0.234068,-0.227770,0.544855,0.057276,-0.153077,-0.145615,-0.135503,-0.315459,0.615159,0.125948,0.471384,-0.539189,0.349403,0.179424,0.263279,0.128727,0.209408,0.216254,0.162676,-0.265485,0.095026,0.171913,-0.049217,0.301497,-0.100377,-0.090717,-0.153366,0.138409,0.053992,0.209093,0.211079,0.282140,-0.298796,0.162523,-0.160843,-0.130341,-0.014469,0.062525,-0.142040,0.116130,-0.089344,0.115198,0.144914,0.027978,0.073606,0.057926,-0.020725,0.040268,0.065751,-0.013718,-0.217990,0.027510,0.109969,0.057036,0.179891,0.135608,-0.057092,0.065638,0.083341,0.055930,0.071931,0.117698,0.116109,0.174052,-0.063848,0.096669,0.063581,-0.042966,0.129640,0.178629,0.512221,-0.028418,0.074741,0.072145,0.008474,0.043862,0.089361,0.348415,-0.458744,-0.003879,-0.297257,0.262873,-0.176782,-0.028500,-0.445969,-0.200062,0.457556,0.130102,0.474681,0.236155,0.272727,0.624689,0.000000,0.498909,0.414928,0.046212,0.708150,0.360419,0.652553,-0.453592,-0.059560,-0.343944,0.167759,-0.231976,0.180922,0.085335,-0.245077,-0.170976,-0.344617,0.099631,0.380160,-0.142900,-0.305049,-0.366187,0.401930,-0.150397,-0.442583,0.137662,-0.171493,-0.105351,-0.252004,-0.413685,0.017637,-0.351487,0.091009,-0.098586,-0.138343,0.093499,-0.166628,-0.256785,0.160204,-0.286896,-0.228722,-0.091782,-0.483985,-0.213042,-0.648568,-0.531067,0.009161,0.164835,0.214266,0.291693,0.219695,-0.199249,0.186274,0.308543,-0.040437,-0.122571,-0.342331,-0.174922,0.238329,0.076098,-0.007436,-0.064553,0.114668,0.052876,0.047528,0.246984,-0.064797,0.151878,0.075342
0.283035,0.329692,0.044161,0.398116,0.611829,-0.186185,-0.397856,0.451994,-0.601060,-0.609198,-0.313590,0.346288,0.354211,0.239624,-0.432339,-0.287912,-0.450111,-0.575016,-0.583606,-0.332498,-0.274313,-0.697381,-0.429444,-0.366448,-0.308392,-0.432443,-0.513454,-0.602662,0.031356,-0.016579,-0.442716,-0.537210,-0.088849,-0.286724,-0.345372,-0.176560,-0.442807,-0.580527,-0.524715,-0.637640,-0.541255,-0.499791,-0.476830,-0.460118,-0.381154,-0.503946,-0.312582,0.355318,-0.228541,-0.037798,-0.189659,0.139255,-0.276247,-0.114092,-0.575097,0.000454,0.006231,0.005568,0.049216,0.169858,-0.255132,0.153556,-0.137128,-0.403311,-0.497735,-0.298587,-0.391887,-0.096895,-0.698641,-0.635823,-0.338294,0.056011,-0.308048,-0.127906,-0.745249,0.445213,-0.241075,0.427434,0.147798,-0.149188,-0.209422,-0.487750,-0.188175,0.736344,-0.086813,-0.276493,-0.681860,-0.782812,-0.736541,-0.798135,-0.480746,-0.905739,-0.639097,-0.092545,-0.973357,-0.206131,-0.864225,0.027198,-0.328296,-0.261105,-0.785320,-0.040975,-0.143311,0.192113,-0.760509,0.457352,-0.437810,-0.444555,0.046703,0.076661,-0.292993,0.155771,-0.374796,0.075570,0.032488,-0.302513,-0.623536,0.918410,0.032917,-0.526067,-0.069697,0.078698,-0.169345,-0.605229,-0.409208,-0.781285,-0.210135,-0.220294,-0.281031,-0.080112,0.058289,-0.605079,-0.557063,0.397693,-0.406294,-0.024910,0.241984,0.212329,-0.526485,-0.531990,0.223793,0.099058,-0.004920,0.239828,0.062933,-0.130693,0.265003,0.046760,0.285562,0.121386,0.142439,-0.088870,0.084585,-0.269967,0.129355,0.113324,0.296845,0.085819,0.071322,-0.302360,0.149823,0.221386,-0.207658,-0.119121,-0.143625,-0.207963,0.227014,0.196191,0.363659,-0.119797,0.559222,-0.169375,0.735976,0.220321,0.339248,-0.158997,0.817701,0.394174,0.016080,1.046447,0.007193,0.031547,0.245667,0.095057,-0.336811,0.249878,-0.041991,0.169601,0.297854,0.451309,0.188639,0.419660,0.092916,0.023736,0.359777,0.498909,0.000000,0.386699,0.182179,0.933352,0.622586,0.339567,0.392628,0.585760,0.182934,0.906056,0.351176,0.891455,0.751910,0.159246,-0.044436,-0.146775,0.203899,0.792070,0.440766,-0.019786,-0.081701,0.605570,0.231478,0.159524,0.223374,-0.542204,-0.120594,-0.230539,-0.558449,0.159323,-0.196647,0.339946,-0.175100,-0.286305,-0.256364,0.208174,-0.148666,0.000193,0.041901,-0.164767,-0.259769,-0.142267,0.165957,-0.073556,0.108049,0.128951,0.029843,-0.163443,0.149937,0.351885,0.226801,-0.591042,0.103593,0.064788,0.465016,0.395900,-0.166201,-0.476901,-0.126307,0.275998,0.217066,0.079193,0.092328,0.380873,0.183923,0.412891,0.121614,0.261221
0.085490,0.111523,-0.527256,0.471599,0.219745,-0.092116,0.064605,0.438503,0.019189,-0.725973,0.034554,-0.222788,0.028066,-0.064899,-0.384267,-0.139542,0.335238,-0.126407,-0.059629,-0.131153,-0.037248,0.088241,-0.142481,-0.227109,-0.222965,-0.054656,0.028513,-0.030937,-0.254549,-0.078260,0.266645,-0.937853,0.068553,-0.274523,-0.195430,-0.123727,-0.010889,-0.234436,0.183430,-0.010691,-0.357985,0.060692,-0.085297,0.110569,0.150872,0.263433,-0.495735,-0.254422,-0.385879,0.055671,-0.228205,-0.188920,-0.521591,-0.334468,-0.735862,-0.326260,-0.160389,-0.157381,-0.040324,-0.339048,0.106404,-0.209614,0.057267,-0.089760,-0.209916,-0.154441,-0.114050,-0.419851,-0.378244,-0.042357,-0.018843,-0.516368,-0.001232,-0.300206,-0.034433,-0.469639,0.196910,0.136490,0.091406,0.048699,0.213880,-0.102422,0.032556,0.193798,-0.090109,0.164914,-0.049910,-0.102992,-0.228213,-0.131387,-0.181895,-0.197202,-0.196662,0.261941,-0.178942,0.040159,-0.309444,0.149678,-0.331577,0.362629,-0.326458,-0.124869,-0.008078,-0.197483,-0.767757,0.639038,-0.216245,-0.594474,-0.620731,-0.600922,-0.695699,0.429334,-0.456762,0.219495,-0.265455,-0.041160,0.064080,0.468522,0.162490,0.149744,-0.278977,-0.271775,-0.109997,-0.018789,0.165234,0.059459,0.306157,-0.396192,-0.105121,-0.039715,-0.028286,-0.196114,-0.083582,-0.107292,0.083587,-0.280714,0.346058,-0.195831,-0.197054,-0.323148,0.119705,0.097139,0.038410,-0.234959,-0.000481,0.084586,-0.033065,-0.228512,0.428414,-0.088011,0.036511,0.017211,-0.306088,-1.110368,0.141112,-0.129331,0.009490,0.302457,-0.144243,-0.136254,0.130281,0.246947,-0.070090,-0.103247,0.061452,0.011443,0.030818,-0.122635,0.096999,-0.108538,0.396206,0.042618,0.433401,0.238757,0.012253,0.377673,0.490954,0.278635,0.322205,0.125708,0.233761,-0.495776,0.229760,0.117333,0.209717,0.079134,-0.252955,0.166018,-0.052285,0.436782,0.619054,0.444249,0.335529,0.376763,1.249516,0.414928,0.386699,0.000000,0.206073,0.675528,0.400989,0.732727,-0.099910,0.192634,-0.165714,0.191918,-0.210894,0.357284,0.030842,-0.214319,-0.455803,-0.674238,-0.159612,0.124779,-0.367078,-0.467137,-0.142136,0.132527,-0.287052,-0.206179,-0.075201,0.012528,0.093032,-0.026107,-0.221104,0.090746,-0.432326,-0.073434,-0.352888,-0.344729,-0.092818,0.124517,-0.348739,0.232531,-0.071217,-0.399467,-0.284373,-0.321794,-0.111915,-0.429447,-0.284599,0.126131,-0.000872,0.239371,0.365932,0.618279,-0.253230,-0.030127,-0.136955,-0.210149,0.190137,-0.251142,0.098464,-0.104973,0.066196,0.025163,-0.344406,0.225075,0.081320,0.233797,0.323766,0.181184,0.168076,0.168617
-0.165286,-0.118413,0.114071,0.281242,0.183612,0.193007,-0.000424,0.077642,-0.094387,-0.107181,0.148867,-0.152630,0.028983,-0.243259,-0.181069,0.392683,0.066425,-0.131366,-0.067226,0.278793,0.238031,-0.139676,0.161901,0.224846,0.365557,0.119564,-0.055277,-0.110534,0.150989,0.327361,0.020731,-0.025822,0.197875,0.277556,0.102200,0.347612,0.170277,0.115046,-0.111445,-0.096771,0.044411,-0.072652,0.068900,-0.013334,0.120295,-0.021441,-0.188941,0.188200,0.507779,-0.031367,0.377440,0.069308,0.233617,0.302491,-0.162832,-0.054888,-0.402982,-0.312966,-0.200119,-0.019528,-0.309218,0.067656,-0.130993,0.029651,0.070505,-0.194357,0.022674,-0.121346,0.156586,0.063794,-0.158931,0.160166,-0.200380,-0.108344,-0.148407,0.219531,0.045441,-0.111265,-0.491262,0.240051,-0.385877,-0.470204,0.221178,-0.113775,0.188493,-0.405074,-0.256223,-0.158100,-0.112696,-0.077770,-0.122579,-0.201760,-0.046792,0.451289,-0.158671,-0.531119,-0.082640,-0.792980,-0.528755,-0.436175,-0.160209,-0.301309,-0.682267,-0.656309,-0.018989,-0.289413,0.105639,0.142011,0.232600,0.276840,-0.375906,-0.443841,0.186447,0.142761,-0.175438,-0.130201,-0.396971,-0.089960,0.618885,-0.205847,-0.336212,0.185980,-0.008119,-0.144826,0.018349,-0.082457,-0.225218,-0.324201,-0.586310,-0.226405,-0.648004,0.194791,-0.105543,0.282713,0.049384,0.226608,-0.537926,-0.483806,-0.656662,0.096701,-0.090385,0.013135,0.255635,0.162579,0.045383,-0.037481,0.000981,-0.009731,0.151479,0.121737,0.088833,-0.079238,0.038501,0.209387,0.044990,-0.016070,0.005014,0.004677,0.078512,-0.030848,-0.185480,-0.024396,0.034699,0.077351,0.083665,0.091533,0.052644,0.103627,-0.016469,-0.034472,0.036403,-0.041283,0.051631,-0.425054,0.369362,0.388749,-0.075352,-0.033689,0.614886,0.274956,0.045607,0.162785,0.036112,-0.440857,-0.094013,0.502339,-0.632857,0.072429,0.231828,0.692333,0.856363,0.901844,0.504251,0.827488,0.083384,0.046212,0.182179,0.206073,0.000000,0.540829,0.295894,0.102920,0.207081,-0.082510,0.083618,0.245975,0.001689,0.112818,0.108035,-0.099374,0.037693,0.023381,-0.097882,0.000713,0.293644,-0.006454,-0.056879,0.354352,-0.272443,0.029473,0.472178,-0.080719,-0.455362,-0.435236,-0.160760,-0.284826,-0.293759,0.015935,-0.281260,-0.130289,-0.287219,0.194563,-0.529038,0.026061,0.161212,-0.023668,0.084527,-0.203351,-0.047803,0.027349,-0.262653,-0.624281,0.164370,0.076126,-0.175958,0.101925,-0.253291,0.221889,-0.550016,-0.384862,0.222293,0.126279,-0.137490,0.175586,0.542026,0.266397,0.077545,0.033951,0.472804,0.425127,0.306167,0.207538,0.160261,0.455826
0.088253,0.147731,-0.139016,0.393612,0.687798,0.104788,0.000238,0.126620,-0.287093,-0.528180,-0.146686,-0.010352,-0.029150,0.029217,-0.731808,-0.285622,-0.033766,-0.290256,-0.193102,-0.087485,-0.091231,-0.346279,-0.151027,-0.242617,-0.118703,-0.212428,-0.335198,-0.232803,-0.120345,0.073210,0.030768,-0.694501,0.071445,-0.005639,-0.172532,-0.051270,-0.258746,-0.272470,-0.149315,-0.218520,-0.408933,-0.162322,-0.239758,-0.095316,-0.005515,-0.081094,-0.572027,-0.058209,-0.261204,-0.091634,-0.094312,-0.097894,-0.448746,-0.261804,-0.739828,-0.317577,-0.172232,-0.397646,-0.167908,-0.298656,-0.248741,-0.223755,-0.323340,-0.406074,-0.418302,-0.525130,-0.267222,-0.422127,-0.511346,-0.261402,-0.413474,-0.265865,-0.228182,-0.302563,-0.433945,0.206812,0.000918,0.051186,-0.194100,0.036494,-0.165499,-0.523734,-0.050558,0.178955,-0.051692,-0.112374,-0.326478,-0.305494,-0.382776,-0.309015,-0.278245,-0.535423,-0.309880,0.262424,-0.495018,-0.130377,-0.426389,-0.044911,-0.318270,-0.139520,-0.370612,-0.158069,-0.414835,-0.060632,-0.591862,0.468477,-0.048978,-0.254398,-0.020837,0.022296,-0.552422,0.230770,-0.155071,0.279788,-0.291771,-0.112239,-0.408765,0.375208,0.238797,-0.165087,0.012648,0.189996,-0.364867,-0.203712,0.010039,-0.326450,-0.063590,-0.626062,-0.341410,-0.326930,-0.129128,-0.226728,-0.238980,0.172627,-0.053202,-0.144306,-0.017054,-0.178048,-0.638252,-0.246129,0.067497,-0.063721,0.171273,0.086733,0.082201,0.048217,0.161050,-0.002210,0.234039,0.101362,0.107580,-0.039162,-0.204712,-0.317926,0.133925,0.136070,0.169513,0.219483,0.000935,-0.237410,0.016369,0.125664,-0.062713,-0.044665,-0.097041,0.024817,0.192411,0.095468,0.187425,-0.060036,0.291946,-0.130928,0.454492,0.193948,0.318496,0.290661,0.442269,0.263107,0.360859,0.813114,0.112999,-0.168483,0.007680,-0.264851,-0.041773,0.257232,-0.264277,-0.065391,0.091136,0.991493,0.594116,0.803740,0.533039,0.509733,0.690668,0.708150,0.933352,0.675528,0.540829,0.000000,0.778781,0.659075,-0.001629,0.252424,0.029578,0.651102,-0.046850,0.621728,0.425755,-0.245352,-0.277782,-0.298279,0.075125,0.407283,0.213299,-0.330444,-0.280929,0.492294,-0.176004,-0.200296,0.167207,-0.186335,-0.210346,-0.379912,-0.456422,0.150138,-0.377695,0.191653,-0.484069,-0.268691,-0.372166,0.283072,-0.435832,0.148177,-0.177821,-0.338255,-0.329757,-0.518445,-0.200157,-0.432984,-0.282087,-0.115223,0.251303,0.019369,0.197440,0.302416,-0.116549,-0.177730,0.015292,-0.238022,0.341981,0.052032,-0.130256,-0.218428,0.230681,0.253459,0.047173,0.186208,0.301759,0.370808,0.510074,0.308591,0.250841,0.437884
-0.113251,-0.026983,-0.238141,0.653358,0.634035,0.007518,-0.102499,-0.195390,-0.615401,-0.201177,-0.188130,-0.030830,0.089515,0.305058,-0.939565,-0.220537,-0.290742,-0.380626,-0.207975,0.075997,-0.022381,-0.547767,-0.105249,-0.294248,-0.174724,-0.189545,-0.551518,-0.320825,-0.219409,0.272973,-0.072411,-0.543840,0.227849,-0.000134,-0.262148,0.031420,-0.347089,-0.291171,-0.323486,-0.272820,-0.476106,-0.327934,-0.557153,-0.239823,-0.163596,-0.221507,-0.445756,0.063349,-0.164617,0.359114,-0.047770,0.254317,-0.121800,-0.248607,-0.420752,-0.063752,0.003194,-0.288954,0.041019,-0.346123,-0.647468,-0.003036,-0.435784,-0.994301,-0.895185,-0.950490,-0.435468,-0.287776,-0.349026,-0.552372,-0.799660,-0.128781,-0.465982,0.176848,-0.477034,0.159210,-0.286747,0.229059,-0.093796,0.098098,-0.612405,-0.697537,-0.611066,0.043174,-0.350041,-0.265466,-0.331686,-0.314857,-0.542670,-0.446977,-0.416637,-0.774943,-0.254863,0.217665,-0.612782,-0.334269,-0.495799,-0.123522,-0.474191,-0.373062,-0.461176,-0.268222,-0.348392,-0.121635,-0.583347,0.160058,-0.157418,-0.417819,-0.069585,-0.032395,-0.499203,0.242522,-0.410280,0.077893,0.027324,-0.450659,-0.520692,0.316669,-0.006063,-0.133825,-0.037259,0.303640,-0.464430,-0.112418,0.059089,-0.406456,-0.205313,-0.886660,-0.302133,-0.601498,-0.160076,-0.491393,-0.433825,0.014866,-0.328069,-0.127364,-0.144635,-0.076828,-0.593117,-0.056463,-0.166860,0.152778,0.081682,0.364872,0.180891,0.259670,0.420285,0.097403,0.225330,0.313241,0.136212,0.028325,-0.396684,-0.202787,0.214700,0.337449,0.375554,0.411853,0.012811,-0.081960,0.178264,0.092597,0.032819,-0.086011,0.045573,0.262749,0.239956,-0.002675,0.315437,0.068518,0.163280,0.014788,0.050955,0.120888,0.511910,0.451748,0.408519,0.406155,0.395172,0.726655,-0.312684,-0.208048,-0.258992,-0.199385,-0.014953,0.258864,-0.031418,0.022368,0.108459,0.973668,0.685650,0.404880,0.534530,0.442902,0.329224,0.360419,0.622586,0.400989,0.295894,0.778781,0.000000,0.722996,0.135884,0.234703,0.455270,1.057559,0.135613,0.805866,0.699789,-0.222034,-0.532745,-0.315216,0.426421,0.377687,0.217340,0.001470,-0.510907,0.374699,0.129836,0.012975,0.038722,-0.165872,-0.252370,-0.855336,-0.594019,0.189610,-0.159860,0.411588,-0.894719,-0.359714,-0.601161,0.094940,-0.110345,0.182300,-0.268100,-0.042711,-0.694429,-0.388588,-0.194346,-0.106002,0.133615,0.023637,0.422241,0.002692,-0.034421,0.158805,-0.118665,-0.121496,-0.005813,-0.639628,0.401402,0.167695,0.250561,-0.398658,0.417666,0.479868,0.248371,0.543185,0.602424,0.353583,0.736062,0.527440,0.431590,0.712270
-0.346335,-0.225436,-0.473447,0.503450,0.353637,0.250706,0.282982,-0.124027,-0.018258,-0.132363,0.124393,-0.502631,-0.248984,0.063351,-0.700911,-0.234389,0.154618,-0.020641,0.138605,0.251534,-0.083818,-0.052545,0.030046,-0.090831,-0.067827,-0.097717,-0.107159,-0.009244,-0.323443,0.340949,0.385461,-0.780995,0.414600,0.008670,-0.130481,-0.114221,-0.180316,-0.115813,0.114603,0.009207,-0.312556,0.158957,-0.099664,0.166223,0.149780,0.217126,-0.319264,-0.468093,-0.321531,0.372895,-0.138705,-0.205222,-0.378215,-0.407326,-0.466238,-0.445598,-0.083890,-0.295958,0.455498,-0.487856,0.060266,-0.507066,0.001272,-0.279712,-0.302584,-0.383096,-0.343839,-0.473071,-0.210706,0.004268,-0.165750,-0.531213,-0.003388,-0.335457,-0.088022,-0.296593,0.437059,-0.302940,-0.383656,0.095421,-0.087977,-0.342109,-0.354000,-0.130428,-0.353625,0.135226,0.080195,0.037560,-0.133947,-0.003554,-0.013392,-0.195285,0.020253,0.365085,-0.068914,-0.037301,-0.142482,0.209749,-0.313285,0.029812,-0.203363,-0.262890,-0.388565,-0.063152,-0.578667,0.432678,0.105672,-0.450236,-0.255988,-0.238235,-0.666579,0.595581,-0.108054,0.512609,-0.497160,0.002640,-0.049333,0.238609,-0.026935,0.235065,-0.085368,0.159049,-0.508476,0.287425,0.336728,0.142019,0.236786,-0.724904,-0.378847,-0.534126,-0.064469,-0.263262,0.003391,-0.345072,0.082791,-0.650304,-0.070517,-0.079094,-0.559853,0.025964,-0.389498,-0.078034,0.106170,-0.040214,0.244907,0.395389,0.196100,0.077084,0.197759,0.237771,0.151714,0.235861,-0.638670,-0.466710,0.311418,0.363108,0.243565,0.462836,0.175146,0.131864,0.232132,0.240380,0.269240,-0.189134,0.171229,0.528825,0.309907,-0.350694,0.230642,0.198689,-0.163351,0.011203,-0.118196,0.488630,-0.072833,0.714675,0.078749,0.341831,0.315519,0.241943,0.090446,-0.468574,-0.253689,-0.439880,0.510249,-0.248272,-0.006076,-0.153924,-0.216301,0.782004,0.590520,0.403397,0.618843,0.438683,0.763130,0.652553,0.339567,0.732727,0.102920,0.659075,0.722996,0.000000,-0.327340,-0.127490,-0.128099,0.379074,-0.363036,0.469726,0.346382,-0.635894,-0.353083,-0.495881,0.497182,0.301645,-0.227867,-0.138209,-0.209809,0.205474,-0.317779,-0.273160,-0.143488,0.132995,-0.125817,-0.469362,-0.292235,0.359952,-0.297473,0.054051,-0.457876,-0.131403,-0.232684,-0.128984,-0.250898,0.199501,-0.603382,-0.176690,-0.305388,-0.733699,-0.628527,-0.591930,-0.470197,-0.054877,0.177493,0.191752,0.101673,0.390054,-0.239726,0.282557,-0.022671,-0.425241,0.094379,-0.365458,0.120226,-0.107564,0.269238,0.172375,-0.185118,0.498862,0.380849,0.104786,1.021186,0.023289,0.444940,0.413572
0.178396,0.290908,0.169742,0.122861,0.187553,-0.811880,-0.379664,0.430351,-0.790320,-0.195110,-0.258872,0.562881,0.933781,0.526838,0.192050,0.091493,-0.781135,-0.847704,-1.009117,-0.463669,-0.345453,-0.668108,-0.514694,-0.268992,-0.291648,-0.511191,-0.709244,-0.900308,0.478708,-0.261833,-1.112360,0.052268,-0.388358,-0.327867,-0.476999,-0.138587,-0.391606,-0.530950,-0.945213,-0.798860,-0.198389,-0.800949,-0.480243,-0.753657,-0.646095,-0.953824,0.263748,1.109310,0.299314,0.235655,0.271496,0.660391,0.453438,0.439775,0.265434,0.881885,0.281968,0.679846,0.058666,0.855869,-0.289174,1.180907,-0.147951,-0.178096,-0.256324,-0.031425,-0.310604,0.437147,-0.269590,-0.686456,-0.102191,0.882991,-0.551684,0.409731,-0.573665,0.345990,-0.399460,0.621891,0.208681,0.300202,-0.396739,-0.628064,-0.082029,0.755023,0.063459,-1.118880,-1.028662,-1.089962,-0.903220,-0.917639,-0.701127,-0.717072,-0.374341,-0.248188,-0.689437,-0.930169,-0.720934,-0.653026,-0.655438,-0.648158,-0.688807,-0.339814,-0.077685,-0.189598,-0.213975,-0.151995,-0.466122,-0.129455,0.011433,0.160455,0.025413,-0.263323,-0.319785,-0.238305,0.750294,-0.659522,-0.978396,0.433674,-0.150620,-0.858132,-0.323097,0.093728,0.269205,-0.529962,-0.557559,-0.528576,-0.735369,-0.014505,-0.389960,-0.010399,-0.249078,-0.433756,-0.924532,0.292501,-0.550269,0.393901,-0.095176,0.377672,-0.360441,-0.357793,0.247213,0.524620,0.177114,0.567997,0.254575,-0.064033,0.308185,0.241294,0.235350,0.269741,0.443793,0.130933,0.252605,0.071521,0.101126,0.100971,0.326011,0.068587,0.225336,0.108205,0.212371,0.193462,0.039496,-0.168095,0.015677,-0.136435,0.296738,0.218083,0.240486,0.088076,0.452578,0.006841,0.286476,-0.499711,0.384689,-0.339749,0.509664,0.432580,-0.119391,0.434753,-0.296107,0.357834,0.096129,0.367363,-0.885859,0.417202,-0.287626,0.775527,0.710291,0.029715,-0.006562,0.073113,-0.052482,-0.145804,-0.409113,-0.453592,0.392628,-0.099910,0.207081,-0.001629,0.135884,-0.327340,0.000000,0.623651,0.711466,0.506492,0.933385,0.496773,0.503777,0.627704,0.245295,0.391686,0.215583,0.348475,0.859807,0.645359,0.305884,0.363451,0.743581,1.029666,0.138700,-0.194776,-0.275332,-0.011167,0.000556,0.055270,-0.106622,0.028377,0.070944,-0.247293,-0.051807,0.438784,0.170751,0.186855,0.422671,0.054749,-0.022933,0.570730,0.567885,0.810739,0.724098,-0.106889,-0.206404,0.025047,0.046947,0.272744,0.445944,-0.661332,-0.271744,0.004276,0.708498,0.896144,0.063093,-0.497664,-0.321268,0.409361,0.185382,0.017992,-0.039366,0.573250,-0.223046,0.557635,0.019081,0.065476
0.697789,0.866239,0.083141,0.285198,0.203897,-0.799653,-0.437648,0.351322,-0.770878,-0.519865,-0.207081,0.544964,1.100148,0.295509,0.071128,-0.228955,-0.540585,-0.756915,-0.833872,-0.775705,-0.497830,-0.470161,-0.659702,-0.700361,-0.605034,-0.586811,-0.548672,-0.677300,-0.073929,-0.773984,-0.792890,-0.179474,-0.660868,-0.579535,-0.442424,-0.313033,-0.389428,-0.414041,-0.742399,-0.671244,-0.597322,-0.683624,-0.592626,-0.669750,-0.584801,-0.532253,-0.141925,0.540244,-0.139270,0.231571,0.036217,0.174493,-0.110773,-0.190064,-0.070878,0.418193,0.073740,0.289779,-0.157050,0.338486,-0.272108,0.704727,-0.211151,-0.312574,-0.502634,-0.235946,-0.343925,0.002570,-0.636137,-0.711216,-0.268586,0.255844,-0.566110,0.144977,-0.570030,0.243671,-0.446281,0.802630,0.620206,0.267019,-0.208344,-0.398202,-0.190052,0.681021,0.011150,-0.547523,-0.837616,-0.791005,-0.525794,-0.638455,-0.449966,-0.694889,-0.244037,-0.179243,-0.627178,-0.246862,-0.647716,-0.162030,-0.272950,-0.153091,-0.340932,0.037234,0.050857,-0.057747,-0.275554,0.493633,-0.463452,-0.102069,-0.139010,0.074908,0.093503,0.103699,-0.451748,-0.176429,0.793327,-0.610510,-0.495556,0.456472,-0.198434,-0.849985,0.152302,0.290702,0.462596,-0.425440,-0.469400,-0.518260,-0.642391,0.033611,-0.100953,0.459694,0.049200,-0.445383,-0.692808,0.504967,-0.179736,0.500453,0.191937,0.340883,-0.029843,-0.900408,0.542638,0.213136,-0.051299,0.078961,-0.002472,-0.364046,-0.053440,-0.049904,-0.055805,-0.139674,0.040861,-0.163804,-0.012202,-0.353469,-0.353010,-0.326320,-0.043515,-0.195760,-0.030257,-0.256601,-0.212997,-0.159896,-0.225371,-0.534518,-0.241277,-0.483109,0.008992,0.527898,-0.128347,-0.276291,0.771277,-0.076094,0.530171,-0.186610,0.573892,-0.533495,1.316598,0.923008,-0.216213,0.501053,-0.195824,0.186111,0.156099,0.686838,-0.531194,0.357683,-0.063680,0.820370,0.786054,0.142010,-0.169461,0.188659,0.069964,-0.091938,-0.094822,-0.059560,0.585760,0.192634,-0.082510,0.252424,0.234703,-0.127490,0.623651,0.000000,0.343540,0.579005,1.022262,0.616113,0.460774,0.553226,0.027159,0.226732,-0.073966,0.291385,0.550649,0.162173,0.125085,0.220933,0.609146,0.642542,0.200796,-0.070179,-0.046350,0.036735,-0.158259,0.197222,-0.259027,0.079449,-0.187390,-0.500795,-0.355654,0.234791,0.039566,0.252754,0.781940,-0.147063,-0.201781,0.424321,0.877834,0.430082,0.659356,0.086756,-0.283433,-0.086547,0.220495,0.335181,0.326728,-0.953211,0.318439,0.044859,0.876002,0.587381,0.134714,-0.662936,-0.470702,0.191818,-0.140766,-0.211702,-0.363923,0.389381,-0.286018,0.341422,-0.082646,-0.228971
-0.144758,-0.134594,0.010173,0.301788,0.587614,-0.512712,-0.019764,-0.024179,-1.025492,-0.099533,-0.632853,0.356818,0.512628,0.967690,-0.285041,-0.340535,-0.766651,-0.650896,-0.586669,-0.276655,-0.451157,-0.650397,-0.477000,-0.380544,-0.571973,-0.636762,-1.032777,-0.685190,0.212607,-0.105191,-0.603809,-0.144915,-0.255943,-0.186161,-0.539524,-0.266188,-0.760764,-0.680805,-0.663460,-0.574296,-0.377425,-0.643963,-0.812317,-0.617429,-0.497246,-0.652388,0.128161,0.670711,-0.072165,0.368478,0.128775,0.824841,0.220277,-0.057962,0.251890,0.520177,0.529582,0.409302,-0.175228,0.183927,-0.549678,0.646249,-0.488077,-0.781896,-0.769525,-0.558777,-0.760888,0.158613,-0.449551,-0.736809,-0.564039,0.269585,-0.658735,0.992076,-0.211046,0.214723,-0.593224,0.448628,0.173054,0.410292,-0.442678,-0.523867,-0.527302,0.188723,-0.140478,-0.735860,-0.659697,-0.615774,-0.650754,-0.738451,-0.669892,-0.696458,-0.093180,-0.387756,-0.507065,-0.623472,-0.574717,-0.529603,-0.522239,-0.556227,-0.435699,-0.481831,-0.032526,-0.283480,-0.248358,-0.186965,-0.405799,-0.247277,-0.146267,-0.087875,-0.249844,-0.190138,-0.515300,-0.547231,0.549811,-0.688830,-0.688142,0.128597,-0.179955,-0.436985,-0.204045,0.102836,-0.188906,-0.202905,-0.002304,-0.364783,-0.516836,-0.394127,-0.229372,-0.316551,-0.389344,-0.417546,-0.767949,-0.074941,-0.521978,0.198206,-0.212143,0.084883,-0.292404,0.073889,0.008268,0.798494,0.409949,1.120288,0.528262,0.399975,0.922644,0.542689,0.480797,0.771047,0.548867,0.378477,-0.007185,0.244774,0.491119,0.484579,0.857585,0.562522,0.284715,0.389740,0.374310,0.414874,0.310350,0.225005,0.434175,0.311014,0.511342,0.179890,0.637401,0.474559,0.234870,0.396001,0.025566,-0.283912,0.801586,0.026882,0.292880,0.320253,0.347632,0.404184,-0.799060,0.144640,-0.202608,0.233330,-0.449043,0.717994,-0.126366,0.543885,0.292239,0.231112,0.055342,-0.224014,0.141708,0.075137,-0.391802,-0.343944,0.182934,-0.165714,0.083618,0.029578,0.455270,-0.128099,0.711466,0.343540,0.000000,0.634402,0.617052,0.657326,0.557885,0.436143,-0.276024,0.023660,0.419515,0.171255,0.502109,0.428496,-0.235441,0.147850,0.607060,0.648539,-0.218562,-0.022195,-0.127487,-0.234629,0.016589,0.130485,-0.166157,0.567951,-0.436285,-0.288330,-0.243600,0.326312,0.375566,0.438665,0.128059,-0.126193,-0.595693,0.192534,0.278601,0.437933,0.774495,0.088161,0.289064,0.073445,-0.024830,-0.080985,0.453799,-0.387805,-0.320345,-0.407571,0.638531,0.851125,0.708881,-0.334900,-0.046956,0.966247,0.580803,0.509887,0.273472,0.700220,-0.002951,1.151197,0.563990,0.459617
0.080177,0.162936,0.031735,0.594874,0.784729,-0.244724,-0.293560,0.033283,-1.147670,-0.223106,-0.343225,0.243638,0.400242,0.467199,-0.636159,-0.171157,-0.613969,-0.833737,-0.633633,-0.183076,-0.213240,-0.812384,-0.415216,-0.360349,-0.294058,-0.430337,-0.904817,-0.773558,0.072168,0.059969,-0.472154,-0.427936,-0.097789,-0.162366,-0.358318,-0.003209,-0.554013,-0.453530,-0.759458,-0.664471,-0.507252,-0.632053,-0.679411,-0.529262,-0.421961,-0.559977,-0.204683,0.419790,0.000060,0.423110,0.108993,0.490781,0.059151,-0.072596,-0.322637,0.156590,0.130372,0.046645,0.024938,0.072847,-0.657369,0.301927,-0.419047,-0.928000,-1.030168,-0.835359,-0.754292,-0.121241,-0.529787,-0.970270,-0.769344,0.148925,-0.714452,0.203736,-0.770121,0.452575,-0.368710,0.367815,-0.008028,0.172113,-0.788063,-0.970600,-0.595564,0.403636,-0.168535,-0.693924,-0.815688,-0.819735,-0.887573,-0.872695,-0.675972,-1.351807,-0.452628,-0.066353,-1.013932,-0.553917,-0.808928,-0.371151,-0.642376,-0.600250,-0.651351,-0.378388,-0.370041,-0.193103,-0.642542,0.174810,-0.357825,-0.428858,0.071521,0.145016,-0.412383,0.021057,-0.551093,-0.129928,0.211160,-0.701445,-0.959652,0.493890,0.021030,-0.606824,-0.209143,0.356008,-0.294524,-0.407405,-0.242583,-0.583257,-0.505795,-0.628623,-0.527894,-0.303671,-0.225439,-0.606924,-0.853438,0.104664,-0.492737,0.044467,-0.161185,0.040307,-0.772321,-0.286474,-0.046150,0.261416,0.041653,0.479823,0.220417,0.110278,0.455004,0.178224,0.296355,0.432927,0.178337,0.018233,-0.227765,-0.133860,0.238900,0.243575,0.459239,0.295841,0.091249,-0.132798,0.116168,0.215310,0.012045,-0.202793,0.040513,0.110091,0.307938,0.241969,0.374154,0.027690,0.426157,-0.023428,0.265206,-0.046902,0.818864,0.154754,0.657985,0.592834,0.269128,1.087289,-0.306599,0.028289,-0.053150,-0.005991,-0.282506,0.492108,-0.050831,0.323237,0.411071,0.784054,0.330867,0.350835,0.425005,0.294427,0.033228,0.167759,0.906056,0.191918,0.245975,0.651102,1.057559,0.379074,0.506492,0.579005,0.634402,0.000000,0.494151,1.226640,1.389057,0.121340,-0.315685,-0.128216,0.488202,0.564320,0.539060,0.169862,-0.191165,0.313415,0.239724,0.378260,0.023336,-0.401532,-0.315543,-0.677397,-0.575048,0.159851,-0.231919,0.464602,-0.643355,-0.346471,-0.556201,0.143310,-0.129853,0.193602,0.037382,-0.095312,-0.589789,-0.164722,0.075011,0.099436,0.376483,0.038296,0.338934,-0.023220,-0.079892,0.257286,0.161749,-0.442988,-0.092989,-0.440933,0.749482,0.471540,0.238521,-0.612215,0.192101,0.634628,0.232311,0.478467,0.284373,0.494255,0.425728,0.661279,0.410395,0.668310
0.410568,0.440615,0.172932,0.276362,0.068245,-0.768670,-0.350836,0.260136,-0.846112,-0.211926,-0.216251,0.592447,1.108895,0.502055,0.237155,0.016248,-0.917024,-0.783793,-0.960550,-0.537421,-0.459329,-0.776341,-0.695260,-0.448973,-0.400237,-0.610768,-0.645440,-0.752373,0.105571,-0.384074,-1.219591,0.183149,-0.622181,-0.455423,-0.425118,-0.230678,-0.485306,-0.389723,-1.181731,-0.936832,-0.426927,-1.108687,-0.674491,-1.102586,-1.028935,-0.977531,0.228426,1.242491,0.209224,0.330039,0.057537,0.607471,0.400678,0.181316,0.359191,1.050377,0.324267,0.584429,-0.011151,0.798669,-0.358177,1.281024,-0.083492,-0.267597,-0.342500,-0.093595,-0.382648,0.368356,-0.289477,-0.686625,-0.119020,0.740973,-0.585448,0.419290,-0.490558,0.342266,-0.537299,0.910363,0.490636,0.259367,-0.424021,-0.388243,-0.142977,0.507351,0.032382,-0.873799,-1.022221,-0.978849,-0.557022,-0.748334,-0.569740,-0.733890,-0.188798,-0.412761,-0.608251,-0.515049,-0.627447,-0.434641,-0.405332,-0.520782,-0.447341,-0.006783,0.055967,-0.129172,-0.071348,0.071417,-0.603491,-0.021335,-0.024364,0.189421,0.164474,-0.138661,-0.302309,-0.324378,1.194536,-0.681720,-0.618468,0.274757,-0.180135,-0.953764,0.055947,0.293226,0.446621,-0.490881,-0.548430,-0.632900,-0.869208,0.190783,-0.215346,0.237369,-0.048642,-0.460881,-0.913354,0.525037,-0.359962,0.578669,-0.034571,0.418455,-0.084037,-0.461887,0.484721,0.477378,0.044916,0.407543,0.183673,-0.293748,0.159734,0.162609,-0.071105,0.063995,0.207613,-0.036767,0.316135,0.084729,-0.286244,-0.144325,0.132726,-0.152098,0.266893,0.025007,-0.152693,-0.111368,-0.082556,-0.269841,0.012948,-0.297416,0.139609,0.561169,-0.041297,-0.074063,0.478927,0.195603,0.195572,-0.389870,0.653904,-0.624462,0.620228,0.613460,-0.184009,0.308418,-0.465240,0.316615,0.043553,0.598551,-0.800928,0.459265,-0.004830,0.860916,0.937566,0.049911,-0.278899,0.018752,-0.103411,-0.236891,-0.617634,-0.231976,0.351176,-0.210894,0.001689,-0.046850,0.135613,-0.363036,0.933385,1.022262,0.617052,0.494151,0.000000,0.506519,0.513450,0.872474,0.207865,0.390928,0.068030,0.253584,0.791471,0.689162,0.154811,0.198730,1.049156,1.208282,0.185416,-0.093668,-0.149013,-0.066029,0.027299,-0.008019,-0.076999,0.188763,0.005875,-0.326643,-0.151128,0.227048,0.312051,0.225876,0.758011,0.138279,-0.028174,0.728546,1.036979,0.961340,1.000323,-0.023954,-0.330850,-0.063599,-0.029951,0.065126,0.449944,-0.629552,0.092982,-0.074264,0.664868,1.027770,0.209884,-0.382158,-0.403116,0.385014,0.198360,-0.128595,-0.212488,0.461246,-0.460685,0.516653,0.026553,-0.152622
0.075414,0.173177,-0.038906,0.758007,0.799851,-0.412592,-0.210911,0.228749,-1.123058,-0.373029,-0.312241,0.239115,0.507335,0.624968,-0.513303,-0.349643,-0.617772,-0.968114,-0.799762,-0.332252,-0.452457,-0.697694,-0.588760,-0.394592,-0.568562,-0.607606,-0.911644,-0.823321,0.093368,-0.064182,-0.527930,-0.733359,-0.168044,-0.276958,-0.579802,-0.229983,-0.678764,-0.848862,-0.754543,-0.828097,-0.566117,-0.656643,-0.824135,-0.652638,-0.569695,-0.626709,-0.105961,0.437301,-0.236285,0.416799,0.004726,0.454961,-0.137075,-0.191198,-0.280056,0.174849,0.239662,0.220008,0.169838,0.148339,-0.332312,0.362857,-0.393696,-0.773392,-1.037825,-0.687014,-1.076530,-0.142111,-0.779066,-1.004198,-0.608306,0.049030,-0.735163,0.163063,-0.608594,0.238426,-0.220687,0.430902,0.093270,0.234983,-0.412396,-0.794894,-0.547644,0.459481,-0.147093,-0.625759,-0.953554,-0.950161,-0.978977,-0.915360,-0.637694,-1.291160,-0.381287,-0.266001,-0.884844,-0.570091,-1.210394,-0.277746,-0.770167,-0.472970,-0.810880,-0.441692,-0.223570,-0.113249,-0.844723,0.410152,-0.562472,-0.629369,-0.175929,-0.100806,-0.543495,0.134955,-0.655662,-0.179727,0.228030,-0.775844,-0.870508,0.547843,-0.164635,-0.673936,-0.248537,0.160932,-0.276558,-0.398866,-0.271308,-0.466486,-0.387547,-0.594077,-0.560392,-0.226883,-0.279386,-0.703393,-1.055963,-0.040140,-0.434476,-0.165371,-0.037297,0.223908,-0.670202,-0.356808,0.014743,0.417601,0.277355,0.459871,0.503199,0.248677,0.572111,0.407620,0.444792,0.513916,0.365099,0.328657,-0.258834,-0.307824,0.361350,0.320059,0.663104,0.486589,0.344875,0.138260,0.244115,0.471871,0.250018,-0.237394,0.187117,0.214697,0.614746,0.132243,0.512042,0.236410,0.508779,0.036667,0.380122,0.053270,0.613354,0.158359,0.728011,0.747198,0.296742,0.866788,-0.277885,-0.023589,0.084969,0.168997,-0.207996,0.503525,-0.117370,0.546493,0.399848,0.674875,0.248943,0.184435,0.342587,0.193634,0.167072,0.180922,0.891455,0.357284,0.112818,0.621728,0.805866,0.469726,0.496773,0.616113,0.657326,1.226640,0.506519,0.000000,1.355935,0.236229,-0.185748,-0.196811,0.536934,0.597100,0.410055,0.276516,-0.168898,0.270689,0.343701,0.508428,-0.223430,-0.261618,-0.268630,-0.372081,-0.331337,0.342148,-0.259001,0.496803,-0.567197,-0.488419,-0.510686,0.292542,-0.051725,0.316665,0.042709,-0.255425,-0.704404,-0.087631,0.100418,0.068532,0.416719,0.177679,0.183003,0.089563,0.047435,0.313998,0.420707,-0.496964,-0.112001,-0.441987,0.892388,0.491222,0.312677,-0.624070,-0.012902,0.752077,0.101053,0.519892,0.181653,0.659637,0.340764,0.687408,0.500172,0.510174
0.054386,0.150348,0.221174,0.510322,0.625448,-0.234736,-0.353221,0.044488,-1.068409,-0.027523,-0.207648,0.312454,0.364196,0.472527,-0.380055,-0.083145,-0.676300,-0.808381,-0.695629,-0.157634,-0.253930,-0.714701,-0.384565,-0.167061,-0.276464,-0.402377,-0.812446,-0.756614,0.222639,0.078045,-0.549557,-0.373421,-0.110934,-0.057509,-0.298328,0.008865,-0.510396,-0.525957,-0.818392,-0.724496,-0.334821,-0.638864,-0.594135,-0.622254,-0.572400,-0.705597,0.045662,0.493115,0.060986,0.457342,0.179462,0.586664,0.120983,0.052597,-0.141644,0.248368,0.201873,0.220104,0.284134,0.298410,-0.442913,0.374623,-0.372846,-0.673815,-0.861415,-0.650754,-0.888110,0.002152,-0.440558,-0.977851,-0.632979,0.238843,-0.746811,0.140699,-0.798396,0.502779,-0.172336,0.284720,-0.085357,0.115315,-0.773737,-0.858382,-0.595871,0.384841,-0.047185,-0.756686,-0.851175,-0.859715,-0.858735,-0.795671,-0.493888,-1.151788,-0.473214,-0.281592,-0.910461,-0.615964,-0.833493,-0.377494,-0.593060,-0.661172,-0.614685,-0.419258,-0.324697,-0.091715,-0.528165,0.144010,-0.406878,-0.408321,0.168024,0.223593,-0.308337,-0.062180,-0.433352,-0.206041,0.216937,-0.723179,-1.012200,0.356425,-0.075959,-0.814528,-0.226586,0.313384,-0.315428,-0.448827,-0.466027,-0.477922,-0.465533,-0.476830,-0.669621,-0.250647,-0.258801,-0.578433,-0.962662,-0.061149,-0.531204,-0.174585,-0.226560,0.229769,-0.753074,-0.268441,-0.188573,0.221433,0.058350,0.394273,0.326479,0.107156,0.429908,0.318330,0.207083,0.459993,0.151164,0.152602,-0.217004,-0.062707,0.240326,0.258256,0.478376,0.253186,0.265751,0.022563,0.121495,0.279286,0.150826,-0.318809,0.047740,0.151846,0.434788,0.157944,0.361613,0.095726,0.342317,-0.149052,0.170113,-0.064558,0.589241,0.143765,0.454751,0.595636,0.176444,0.921258,-0.251010,0.152909,0.051007,-0.001096,-0.193190,0.395029,0.001265,0.408727,0.498952,0.582477,0.147744,0.167922,0.272409,0.108035,-0.104806,0.085335,0.751910,0.030842,0.108035,0.425755,0.699789,0.346382,0.503777,0.460774,0.557885,1.389057,0.513450,1.355935,0.000000,0.214700,0.012600,-0.025943,0.650055,0.524236,0.544556,0.410058,0.001503,0.140720,0.279803,0.548496,-0.160220,-0.426353,-0.457768,-0.540307,-0.474345,0.239384,-0.073327,0.471061,-0.424057,-0.305289,-0.556059,0.086501,-0.106092,0.088161,-0.001369,0.023318,-0.499293,-0.055250,0.000532,0.173578,0.444820,0.091069,0.219908,-0.052646,-0.211677,0.168559,0.418890,-0.374103,-0.094147,-0.371480,0.677577,0.473183,0.168074,-0.626414,0.115148,0.593023,0.124260,0.434907,0.186050,0.361379,0.365813,0.440780,0.334517,0.572508
0.418759,0.233299,0.398928,0.078816,0.004536,-0.591313,-0.337629,0.412438,-0.374066,-0.208391,-0.406168,0.889246,0.596077,0.238709,0.350287,0.020800,-0.488681,-0.499308,-0.743481,-0.430816,-0.254728,-0.370944,-0.576392,-0.207452,-0.272974,-0.283682,-0.234780,-0.535216,0.215145,-0.379536,-0.802027,0.153666,-0.534409,-0.434303,-0.292498,-0.106003,-0.231810,-0.298877,-0.574579,-0.533041,-0.177020,-0.625428,-0.334130,-0.685995,-0.662892,-0.633346,0.234312,0.840647,0.060262,-0.190847,0.051596,0.708855,0.186817,0.193315,0.280110,0.662932,0.272570,0.545805,-0.229429,0.684225,-0.094740,0.895926,-0.055485,0.018496,-0.123277,0.105558,-0.223055,0.471917,-0.183030,-0.467444,-0.072505,0.460080,-0.280577,0.416178,-0.134626,0.187601,-0.496618,0.848822,0.639121,-0.064825,-0.018860,0.100664,0.139278,0.493642,0.554185,-0.391979,-0.632188,-0.603041,-0.347318,-0.569544,-0.333040,-0.337204,-0.365309,-0.732433,-0.456644,-0.106122,-0.415887,-0.230563,-0.099953,-0.074910,-0.212540,0.193992,0.456893,0.014571,0.091928,-0.006127,-0.793733,-0.043429,-0.074185,-0.044163,0.241721,-0.229611,-0.355143,-0.707752,0.667736,-0.305289,-0.241767,0.222794,0.027880,-0.633450,-0.097425,-0.115861,0.303533,-0.633900,-0.634618,-0.481696,-0.260793,0.459163,0.054240,0.420460,-0.054656,-0.029173,-0.522924,0.319238,-0.377452,0.395447,0.254504,0.222929,0.251790,-0.288997,0.410224,0.470504,-0.004645,0.253263,0.058204,-0.264885,0.061971,0.128135,0.135798,-0.043835,0.001961,0.000668,0.579667,0.079189,-0.124419,-0.274445,0.095076,-0.107585,0.071677,-0.034682,-0.014233,0.081085,-0.151727,0.064196,0.147436,-0.446144,0.061454,0.475719,0.070151,-0.065025,0.561347,0.188200,0.405570,-0.337578,0.512941,-0.589941,0.377050,0.090715,-0.137687,0.009481,-0.202833,0.182986,0.431873,0.840309,-0.546384,0.616483,0.008150,0.645854,0.649495,-0.298381,-0.385362,-0.229948,-0.517732,-0.385366,-0.444419,-0.245077,0.159246,-0.214319,-0.099374,-0.245352,-0.222034,-0.635894,0.627704,0.553226,0.436143,0.121340,0.872474,0.236229,0.214700,0.000000,0.294102,0.122182,-0.189934,-0.016316,0.276108,0.263406,0.095283,-0.021072,0.670459,0.644004,-0.005154,-0.336869,-0.040544,0.297705,-0.075326,-0.201958,-0.011395,0.326264,0.236872,-0.303378,0.088633,0.181823,0.327173,0.154833,0.712788,0.127466,-0.031243,0.781361,0.985974,0.689177,0.843824,0.330410,-0.103691,-0.058485,0.051876,-0.017340,0.667173,-0.425425,-0.077245,0.154422,0.246979,0.705038,0.216635,-0.114242,-0.456957,0.196169,0.130515,-0.151926,-0.303355,0.193378,-0.852768,0.427066,-0.156378,-0.161113
0.125421,0.230646,0.629695,-0.387831,-0.392285,-0.046587,-0.264699,0.118477,0.167392,0.290706,0.381126,0.279625,0.108296,-0.258238,0.758571,0.382339,-0.180181,0.028977,-0.181511,0.057894,0.007854,-0.005928,0.067301,0.341740,0.256228,0.109085,0.245670,-0.095854,0.317384,-0.109488,-0.343707,0.370884,-0.011794,0.084237,0.115580,0.124937,0.289994,0.070092,-0.204953,-0.138225,0.302591,-0.087679,0.210964,-0.207327,-0.240688,-0.306120,0.410778,0.254557,0.361973,-0.215974,0.298674,-0.049109,0.208090,0.506215,0.473906,0.265862,-0.177837,0.222392,0.372285,0.676659,0.261264,0.288126,0.158832,0.643088,0.499389,0.455918,0.219467,0.366114,0.311521,0.090388,0.309853,0.543264,0.027904,-0.201252,-0.164594,0.279939,0.273088,-0.083779,-0.158690,-0.081978,-0.006775,0.052255,0.317351,0.119412,0.427811,-0.210452,-0.132828,-0.095175,0.078900,0.087169,0.344299,0.195913,-0.027958,-0.084436,0.068899,-0.161637,0.085954,-0.154617,0.102057,-0.173598,0.121715,0.165162,-0.082527,0.155088,0.518802,-0.182826,0.070111,0.493026,0.456467,0.573429,0.577859,-0.292841,0.600632,0.076423,0.156177,0.053378,-0.159677,-0.190735,-0.031150,-0.455521,0.179280,0.182902,0.387147,-0.138155,-0.608889,-0.009791,-0.217381,0.541606,-0.198980,0.307661,-0.069423,0.207905,0.029171,0.265061,-0.005248,0.041642,-0.206386,0.365375,0.053062,-0.111954,-0.049009,-0.261604,-0.000144,-0.168972,-0.034449,-0.366543,-0.347269,0.085580,-0.483187,-0.251970,-0.096733,-0.004344,0.343444,0.375674,-0.387039,-0.190805,-0.289780,-0.537873,0.220319,0.086796,-0.170220,-0.292880,0.022332,-0.347073,-0.274455,-0.293122,0.013998,-0.023267,-0.304477,-0.104725,-0.165771,-0.477564,-0.071339,-0.307028,-0.299680,-0.387884,-0.235875,-0.001891,-0.450101,-0.067367,0.243692,0.517919,0.142589,-0.065155,-0.195379,-0.215613,-0.105819,0.159342,0.411563,-0.337011,-0.306118,0.031085,-0.312054,-0.349464,-0.415817,-0.170976,-0.044436,-0.455803,0.037693,-0.277782,-0.532745,-0.353083,0.245295,0.027159,-0.276024,-0.315685,0.207865,-0.185748,0.012600,0.294102,0.000000,0.707746,-0.007436,-0.054667,0.354953,0.477026,0.651084,0.098933,0.222348,0.324622,0.309394,0.003711,-0.370839,0.271534,0.102178,0.038173,0.203683,-0.232324,0.687762,0.091372,0.061452,-0.041158,0.001684,-0.272712,0.252958,0.372986,0.637620,0.442575,0.184864,0.385408,0.054832,-0.278536,-0.545578,-0.207166,-0.173801,-0.066066,0.424466,-0.019179,0.122921,0.502828,-0.072364,0.160192,-0.489743,0.025889,-0.310133,-0.286884,-0.251842,-0.677851,-0.257622,-0.198689,-0.321810,-0.487250,-0.583135,-0.460980
0.114610,0.359725,0.283183,-0.412265,-0.299829,-0.195512,-0.031097,-0.164186,-0.072047,0.244942,0.254617,0.095419,0.318717,0.038733,0.542241,0.214756,-0.404531,-0.135080,-0.205944,-0.199931,-0.097312,-0.149026,-0.018935,0.012565,0.183252,-0.138353,-0.057464,-0.233091,0.372111,-0.324480,-0.509558,0.597136,-0.288825,0.035124,-0.090327,0.028798,0.094471,0.111254,-0.390568,-0.197194,0.276261,-0.187726,0.083368,-0.201470,-0.203466,-0.275020,0.317317,0.264917,0.476069,0.120538,0.487135,-0.103863,0.412129,0.386069,0.648376,0.460151,-0.029417,0.227977,0.163686,0.475755,-0.012890,0.411548,-0.095029,0.267187,0.276175,0.197522,0.185787,0.261620,0.198921,0.008637,0.181621,0.677224,-0.130284,-0.035458,-0.145260,0.301027,0.040766,-0.059806,-0.168620,0.339514,-0.230400,-0.274568,0.136093,0.075241,0.128964,-0.438668,-0.165383,-0.054140,0.136395,0.134507,0.152224,0.126688,0.296337,0.166511,0.165133,-0.305235,0.211992,-0.311902,0.060124,-0.388889,0.265512,-0.065516,-0.365692,-0.002758,0.635110,-0.190804,0.415964,0.854488,0.397716,0.680814,0.703786,-0.164492,0.652606,0.296353,0.445918,-0.032421,-0.265643,-0.273521,-0.362822,-0.445074,0.366202,0.671227,0.636454,0.039220,-0.252371,0.008530,-0.656887,0.322914,-0.158555,0.222360,-0.125746,0.182956,0.001109,0.396986,0.214769,0.462271,-0.451084,0.309615,-0.037422,-0.140466,0.090783,-0.206519,0.078539,0.029284,0.016437,-0.272113,-0.282645,0.096566,-0.601389,-0.120249,0.136590,-0.040277,0.057189,0.512039,-0.401282,-0.077180,-0.270187,-0.480330,0.118701,0.087175,-0.286466,-0.422358,0.108436,-0.472776,-0.416573,-0.204042,-0.039095,0.149023,-0.443310,-0.049978,-0.214769,-0.269609,-0.235617,-0.492965,-0.093309,-0.576894,-0.082125,0.221924,-0.525451,0.033150,0.035128,0.584149,-0.256828,-0.079549,-0.280143,-0.243587,-0.224438,0.111802,0.395535,-0.188254,-0.461308,0.098613,0.019227,-0.156028,-0.708228,-0.344617,-0.146775,-0.674238,0.023381,-0.298279,-0.315216,-0.495881,0.391686,0.226732,0.023660,-0.128216,0.390928,-0.196811,-0.025943,0.122182,0.707746,0.000000,0.147816,0.073719,0.860915,0.549315,0.530488,0.278413,0.393654,0.413845,0.431670,0.252637,-0.366509,0.110188,0.305340,0.225388,0.071249,-0.498589,0.356319,0.175180,-0.000297,0.131128,0.048379,0.052223,0.357594,0.165612,0.494031,0.464081,0.322087,0.467443,0.159905,-0.597338,-0.338880,-0.003587,-0.064071,-0.067701,0.145834,-0.202728,0.231840,0.227183,0.200510,0.183799,-0.354832,-0.187745,-0.334523,-0.194192,-0.117469,-0.581378,-0.399602,0.000106,-0.269197,-0.329530,-0.409113,-0.544369
-0.637027,-0.357479,-0.223049,0.263347,0.366113,-0.100119,0.228971,-0.272340,-0.391801,0.254641,-0.205314,-0.215548,0.070686,0.605549,-0.345060,-0.277391,-0.509995,-0.362969,-0.246019,0.194305,-0.317682,-0.479581,-0.161488,0.004304,-0.110226,-0.386908,-0.477823,-0.463884,0.243094,0.287463,-0.242480,-0.254566,0.257105,-0.048973,-0.427884,-0.181217,-0.426640,-0.345408,-0.386825,-0.330604,-0.092057,-0.175766,-0.314269,-0.209042,-0.235532,-0.357897,0.339413,0.028965,-0.036443,0.541226,0.066200,0.203875,0.125567,-0.003473,0.209006,0.144557,0.408375,0.284991,0.734752,0.047743,0.041869,0.079398,-0.171807,-0.343823,-0.283112,-0.300981,-0.596479,0.141497,-0.066393,-0.298270,-0.178701,0.149540,-0.174382,0.072578,-0.178541,0.032021,0.142211,-0.276255,-0.413146,0.262957,-0.300706,-0.584400,-0.629181,0.076747,-0.370541,-0.394054,-0.278265,-0.267857,-0.358296,-0.293276,-0.220610,-0.346234,0.111053,-0.032872,-0.147512,-0.488859,-0.273570,-0.120095,-0.474415,-0.493763,-0.305181,-0.598845,-0.462916,0.088672,-0.297967,0.020830,0.022321,-0.297450,-0.045546,0.000141,-0.303574,0.245867,-0.061986,0.242219,-0.103236,-0.217694,-0.504594,0.186714,-0.519028,-0.179995,-0.137060,0.357608,-0.344563,0.147337,0.129150,-0.020966,-0.196537,-0.450074,-0.576532,-0.622335,-0.283683,-0.404468,-0.314327,-0.352318,-0.183010,-0.349403,-0.342383,0.390363,-0.731807,0.100189,-0.491764,0.108679,0.330971,0.574608,0.699004,0.650435,0.614307,0.668609,0.192683,0.768829,0.655292,0.683252,-0.380712,0.154684,0.611106,1.015535,0.707464,0.555302,0.585248,0.546418,0.562706,0.469642,0.734029,-0.139723,0.342434,0.782131,0.821771,-0.379130,0.542445,0.720677,-0.368682,0.091175,-0.354582,0.240463,0.012388,0.275095,-0.107142,0.368397,-0.026833,0.344593,-0.192405,-0.071263,-0.415659,-0.336323,0.108536,-0.150130,0.046116,-0.008226,-0.055228,0.375800,0.035457,-0.054822,0.341981,0.059395,-0.100492,0.099631,0.203899,-0.159612,-0.097882,0.075125,0.426421,0.497182,0.215583,-0.073966,0.419515,0.488202,0.068030,0.536934,0.650055,-0.189934,-0.007436,0.147816,0.000000,0.687644,0.335289,0.592292,0.079904,0.339365,0.270262,0.273493,-0.240435,0.077634,-0.244546,-0.294399,0.001196,0.680245,-0.149190,0.136876,-0.157567,0.074538,-0.049182,0.012928,0.119098,0.398138,-0.463952,0.083275,-0.170909,-0.103759,-0.344681,0.045675,0.063681,-0.067248,0.246162,0.277131,0.105686,0.199288,0.301197,0.037864,-0.128521,-0.297063,0.319407,0.099046,0.221297,-0.194750,-0.010489,0.432842,0.153891,0.559577,0.256582,0.193413,0.671473,0.199728,0.488410,0.330933
-0.219944,-0.068509,-0.324304,0.401394,0.276352,-0.167812,-0.047971,0.348865,-0.383520,-0.351373,-0.366967,-0.035291,0.396478,0.394277,-0.245995,-0.301906,-0.474118,-0.570096,-0.494247,-0.188302,-0.360868,-0.715484,-0.366117,-0.135520,-0.155661,-0.513859,-0.437345,-0.606051,0.194911,0.137275,-0.442914,-0.364769,-0.040254,-0.300158,-0.492594,-0.288683,-0.426456,-0.466945,-0.477410,-0.553516,-0.235371,-0.337228,-0.329697,-0.319729,-0.326500,-0.462868,0.118851,0.203143,-0.098601,0.190935,-0.322001,0.035317,-0.080734,-0.030279,-0.204657,0.158222,0.232878,0.245289,0.442946,0.222163,0.137917,0.217925,0.062401,-0.159453,-0.144320,0.001510,-0.325758,0.244097,-0.240272,-0.364990,-0.004021,0.141975,-0.013440,-0.214636,-0.306861,0.188745,-0.057066,0.091311,-0.009705,-0.019637,-0.041047,-0.420667,-0.230911,0.724239,-0.312060,-0.271430,-0.482445,-0.533139,-0.424593,-0.518561,-0.367490,-0.502099,-0.194688,-0.025332,-0.384834,-0.296925,-0.543043,0.070097,-0.438785,-0.291932,-0.644234,-0.324686,-0.260593,0.266860,-0.618251,0.285751,-0.252172,-0.495568,-0.092963,-0.086878,-0.283973,0.291756,-0.249969,0.335390,-0.047692,-0.055529,-0.455391,0.896439,-0.351285,-0.313816,-0.246441,0.142394,0.015029,-0.271092,-0.144159,-0.371183,-0.098036,-0.095063,-0.415135,-0.145337,0.009380,-0.584798,-0.372333,0.218683,-0.132694,-0.029825,0.174477,0.549773,-0.603626,-0.491809,-0.029150,0.012505,0.064408,0.307156,0.309480,0.124525,0.306220,0.261450,0.295189,0.247025,0.511634,0.233276,-0.064992,-0.162134,0.350866,0.434693,0.410914,0.203936,0.329884,0.047947,0.306458,0.456419,0.200786,-0.115136,0.096873,0.148809,0.479062,-0.244591,0.392551,0.210073,0.064348,0.019847,0.210973,0.450162,0.050605,-0.155319,0.408507,0.359236,-0.285858,0.552058,0.104592,-0.035080,0.142131,0.052350,-0.099037,-0.033711,-0.003841,0.001851,0.009044,0.288128,-0.038566,0.204278,0.104522,-0.036669,0.166850,0.380160,0.792070,0.124779,0.000713,0.407283,0.377687,0.301645,0.348475,0.291385,0.171255,0.564320,0.253584,0.597100,0.524236,-0.016316,-0.054667,0.073719,0.687644,0.000000,0.417164,0.292370,0.150760,0.667060,0.355747,0.278423,0.108314,-0.294196,0.008209,-0.102731,-0.158507,0.444110,-0.207613,0.091614,-0.031858,0.006626,0.095911,0.081291,-0.118744,0.273494,-0.084073,-0.000811,0.017477,0.087064,0.089593,0.074849,0.040245,0.091765,0.031718,0.182095,0.385757,0.428030,0.215975,-0.355963,0.065491,0.033083,0.369683,0.160924,-0.160155,-0.195053,-0.294568,0.156576,0.161939,0.213129,-0.073036,0.256719,0.311902,0.248943,0.213977,0.056343
0.132740,0.353154,0.288491,0.001270,0.239047,-0.344022,-0.153320,0.047463,-0.699823,-0.004376,-0.092432,0.381714,0.591444,0.353314,0.042669,-0.020074,-0.875328,-0.621979,-0.672204,-0.398339,-0.359187,-0.743145,-0.406988,-0.262794,-0.172392,-0.562129,-0.669876,-0.798650,0.329995,-0.269135,-0.944510,0.185921,-0.421298,-0.147842,-0.347273,-0.104832,-0.372267,-0.320519,-0.979353,-0.708861,-0.174025,-0.704776,-0.358043,-0.634704,-0.542684,-0.804809,0.159365,0.711390,0.313002,0.245259,0.354245,0.278582,0.349139,0.278502,0.315549,0.608104,0.129041,0.284364,0.052284,0.598565,-0.417963,0.643998,-0.292376,-0.231961,-0.243713,-0.195448,-0.306050,0.211545,-0.261049,-0.471008,-0.191763,0.735795,-0.541416,0.141064,-0.559256,0.634875,-0.227114,0.213123,-0.159657,0.433705,-0.625036,-0.882988,-0.076177,0.358931,-0.000021,-1.025439,-0.771102,-0.672598,-0.453678,-0.467680,-0.379535,-0.539316,-0.050968,-0.007897,-0.421593,-0.722586,-0.333306,-0.627392,-0.368200,-0.941441,-0.256826,-0.296185,-0.538979,-0.177548,0.078441,-0.076551,0.019033,0.334143,0.360134,0.656044,0.189584,-0.228828,0.169377,0.074374,0.542452,-0.412951,-1.021097,0.090536,-0.189957,-0.961890,0.133769,0.724582,0.251247,-0.323289,-0.387486,-0.467991,-1.115164,-0.033801,-0.529772,-0.077051,-0.238955,-0.229458,-0.564498,0.470429,-0.157126,0.426640,-0.498305,0.243624,-0.508375,-0.217167,0.180883,0.169654,0.217397,0.458551,0.209912,-0.157955,0.153769,0.258572,-0.091408,0.246683,0.376981,0.013402,0.049819,0.399517,-0.080456,0.141946,0.155375,-0.105546,0.260325,0.068667,-0.089155,-0.080864,0.068136,-0.340028,-0.156158,-0.116779,0.234154,0.314679,-0.002475,0.054829,0.148908,-0.108470,0.076674,-0.496300,0.404966,-0.438693,0.294713,0.524888,-0.157587,0.641610,-0.208740,0.580596,-0.203797,-0.073458,-0.666444,0.201181,-0.329282,0.375287,0.713979,0.272777,-0.172961,0.341673,0.254880,0.045281,-0.563710,-0.142900,0.440766,-0.367078,0.293644,0.213299,0.217340,-0.227867,0.859807,0.550649,0.502109,0.539060,0.791471,0.410055,0.544556,0.276108,0.354953,0.860915,0.335289,0.417164,0.000000,0.618015,0.300551,0.515086,0.565390,0.729891,0.393859,-0.044794,-0.544196,-0.244724,-0.005209,0.188017,-0.185453,-0.048274,0.034644,-0.082352,-0.236006,0.317372,0.036875,0.180156,0.333540,-0.011757,0.088730,0.288222,0.372864,0.484090,0.354046,-0.538510,-0.137921,-0.053052,-0.040653,0.099992,0.327092,-0.532186,0.039096,-0.030512,0.689747,0.665709,-0.149333,-0.382581,-0.229804,0.323496,0.192092,-0.232833,-0.103286,0.492860,-0.085449,0.236291,0.017316,-0.056417
-0.177876,-0.029649,0.026602,0.123837,-0.050433,-0.353187,-0.033872,-0.003454,-0.459077,0.310239,0.089023,0.068981,0.508366,0.515992,0.290801,0.181710,-0.806802,-0.464191,-0.537043,-0.018388,-0.310390,-0.540982,-0.331213,0.035855,-0.090585,-0.348889,-0.427733,-0.488569,0.350637,0.103570,-0.752964,0.265607,-0.066047,-0.141401,-0.393997,-0.106379,-0.312178,-0.302185,-0.800081,-0.666675,-0.017689,-0.607735,-0.419770,-0.692003,-0.768954,-0.781081,0.765231,0.699302,0.423480,0.556348,0.094235,0.431183,0.711642,0.464118,0.732342,0.888658,0.353693,0.648120,0.592656,0.781366,-0.023625,0.712065,0.130914,-0.021896,-0.005872,0.109488,-0.330602,0.473045,0.128223,-0.297801,0.160943,0.908225,-0.345131,0.318706,-0.245021,0.142312,0.017941,0.140856,-0.080449,0.390495,-0.409797,-0.418106,-0.172899,0.107671,-0.162920,-0.715853,-0.497046,-0.491889,-0.333970,-0.321050,-0.234637,-0.336580,0.147129,-0.268023,-0.151232,-0.785463,-0.330880,-0.443953,-0.503304,-0.799241,-0.353529,-0.289644,-0.236706,-0.083500,0.037469,-0.227589,-0.202034,0.020772,0.050561,0.233478,0.089934,-0.161001,0.086186,-0.017018,0.559626,-0.448184,-0.543792,-0.006728,-0.389317,-0.509536,-0.100262,0.278182,0.238159,-0.022093,-0.265535,-0.118156,-0.587006,0.053783,-0.532365,-0.156608,-0.228621,-0.355428,-0.554755,0.047059,-0.201198,0.102159,-0.422850,0.576200,-0.319742,-0.030755,-0.011186,0.366513,0.323667,0.535903,0.631264,0.173819,0.347614,0.608662,-0.122577,0.399913,0.561994,0.457283,0.164020,0.380211,0.021815,0.353952,0.330702,0.058267,0.842476,0.614629,0.123783,0.092307,0.505035,-0.268354,0.233469,0.306824,0.562420,-0.014120,0.123849,0.432631,-0.170028,0.162963,-0.354981,-0.281697,0.072298,-0.180291,-0.084798,0.402895,-0.206169,0.059341,-0.409134,0.283055,-0.210104,0.051842,-0.393281,0.006474,-0.055630,0.452286,0.383158,0.020038,-0.208727,-0.154688,0.025248,-0.197705,-0.738843,-0.305049,-0.019786,-0.467137,-0.006454,-0.330444,0.001470,-0.138209,0.645359,0.162173,0.428496,0.169862,0.689162,0.276516,0.410058,0.263406,0.477026,0.549315,0.592292,0.292370,0.618015,0.000000,0.300911,0.171984,0.736167,0.978701,-0.062858,0.126699,-0.316649,-0.129691,0.335439,0.165777,0.048543,-0.035508,0.225075,-0.005855,0.053146,0.102447,0.284613,0.125885,0.162388,0.299997,0.184652,0.513340,0.217346,0.774621,0.442388,-0.279540,-0.370957,0.202281,-0.127374,-0.011527,0.418069,-0.088190,-0.143571,-0.130752,0.409651,0.528941,0.121107,-0.086587,-0.167774,0.401012,0.139233,0.091148,0.051543,0.362761,-0.061833,0.169925,0.180887,-0.044925
-0.024985,0.173724,0.136143,-0.219759,-0.405616,-0.276045,-0.117770,0.297961,0.131132,0.124266,0.175805,0.154337,0.255628,-0.128505,0.727678,0.246918,0.039428,0.019310,-0.125180,-0.200767,-0.233495,0.109107,0.021682,0.196016,0.055696,-0.179056,0.111956,-0.106124,0.299165,-0.350292,-0.169982,0.275164,-0.320653,-0.008399,0.186055,-0.160023,0.192765,0.063383,-0.015439,0.002466,0.175252,0.016841,0.360423,0.007854,-0.054159,-0.126681,0.508864,0.137958,0.342637,0.106928,0.250257,-0.057685,0.217894,0.365223,0.327686,0.386509,0.072303,0.579797,0.352728,0.667813,0.413511,0.368649,0.269761,0.627969,0.504949,0.562095,0.207538,0.537494,0.209316,0.200391,0.552798,0.341646,0.136904,-0.394290,-0.099416,0.026055,0.306866,-0.190129,-0.161727,0.026535,0.035974,-0.087983,0.195448,0.393326,0.167583,-0.332616,-0.139933,-0.164257,-0.003822,0.018696,0.054944,0.176552,-0.000881,-0.050895,0.108317,-0.246923,0.115085,-0.184517,-0.022923,0.008341,0.074497,-0.200553,-0.087914,-0.025967,0.141717,0.012355,0.075429,0.166270,0.090919,0.183019,0.276356,-0.167765,0.193610,0.186328,0.105936,0.107397,-0.143984,-0.001759,-0.174866,-0.397094,-0.100959,0.078890,0.432767,-0.099501,-0.338916,0.121865,-0.095062,0.404685,-0.281554,0.283613,0.035857,-0.013988,-0.053608,-0.024413,0.092611,0.001851,-0.068140,0.439226,-0.128081,-0.397393,-0.155004,-0.291609,-0.283566,-0.329121,-0.216106,-0.468668,-0.435337,-0.233639,-0.196146,-0.301256,-0.041053,-0.141607,-0.069330,-0.078109,-0.207317,-0.262718,-0.393293,-0.417302,-0.030064,-0.051413,-0.127607,-0.090492,-0.108860,-0.436275,-0.241854,-0.286453,-0.152242,-0.171599,-0.336345,-0.252507,-0.082913,-0.337976,-0.131547,-0.181892,-0.330091,-0.299129,-0.040424,0.224793,-0.545798,-0.066093,0.345036,0.384902,0.199183,0.088068,-0.041504,-0.280051,-0.094374,0.281759,0.353715,-0.299086,-0.352351,0.035209,-0.143635,-0.324565,-0.274614,-0.366187,-0.081701,-0.142136,-0.056879,-0.280929,-0.510907,-0.209809,0.305884,0.125085,-0.235441,-0.191165,0.154811,-0.168898,0.001503,0.095283,0.651084,0.530488,0.079904,0.150760,0.300551,0.300911,0.000000,-0.051300,0.085336,0.413482,0.126023,0.112369,-0.132808,0.415954,0.241594,0.194879,-0.056384,-0.604960,0.562802,0.216630,0.204384,-0.086994,-0.160800,0.006301,0.216687,0.275897,0.727494,0.528559,0.127951,0.364362,0.026118,-0.224080,-0.502947,-0.019814,0.150529,0.337735,0.232905,-0.130795,-0.014584,0.371086,0.053237,-0.021184,-0.289344,-0.002808,-0.510063,-0.406349,-0.367530,-0.487056,-0.546431,-0.268467,-0.142185,-0.399295,-0.380056,-0.531566
-0.170622,0.027857,-0.295830,0.066087,0.213185,-0.092750,0.144982,0.134053,-0.170710,-0.420023,-0.134018,-0.083334,0.249101,0.216856,-0.297783,-0.253932,-0.423297,-0.310140,-0.328993,-0.086135,-0.259332,-0.540002,-0.225383,-0.328076,-0.027965,-0.346630,-0.267964,-0.474605,0.001045,0.043528,-0.355457,-0.191606,0.171501,-0.365777,-0.553954,-0.249807,-0.241649,-0.259714,-0.383979,-0.439764,-0.367337,-0.213517,-0.231670,-0.230269,-0.133278,-0.272895,-0.295716,0.103465,-0.084564,-0.057031,-0.060077,-0.169877,-0.117945,-0.071564,-0.060274,0.021295,-0.111177,-0.106468,0.181141,0.004505,0.033202,0.095548,-0.033645,-0.028855,0.010653,-0.036931,-0.030067,-0.015063,-0.173839,-0.141035,-0.080053,0.185951,0.024085,-0.094039,-0.132478,0.040185,-0.043674,0.113730,-0.137818,0.156955,0.025695,-0.433065,-0.001740,0.303982,-0.157908,-0.212744,-0.312396,-0.259347,-0.206233,-0.229486,-0.158713,-0.249669,0.064287,0.413435,-0.188271,-0.291791,-0.243121,-0.060479,-0.347324,-0.310405,-0.310387,-0.094258,-0.427485,0.109819,-0.171314,0.158886,0.046951,0.014626,-0.111199,0.024355,-0.119933,0.342433,0.136963,0.598465,0.023685,-0.016682,-0.368102,0.480191,-0.242280,-0.181268,0.104007,0.344925,0.108164,-0.003408,0.085208,-0.279430,-0.262415,-0.161847,-0.287864,-0.185266,-0.217038,-0.189898,-0.058766,0.643705,0.038677,0.274925,-0.060440,0.166090,-0.456411,-0.181910,0.125909,-0.011047,0.342438,0.441279,0.253737,0.108362,0.221359,0.256820,0.074506,0.166534,0.569888,0.189840,0.135683,0.143121,0.134352,0.394439,0.266974,0.117218,0.256488,0.117706,0.353934,0.067701,0.177010,-0.045179,-0.021772,0.094055,0.343906,-0.066262,0.258338,0.219070,-0.061525,0.013445,0.197263,0.079494,0.098092,-0.198659,0.214806,0.233957,-0.115066,0.370670,0.080724,-0.050952,-0.181614,-0.187080,-0.223930,-0.058424,-0.323836,-0.082433,0.087306,0.337377,0.205035,0.532367,0.242214,0.201570,0.149566,0.401930,0.605570,0.132527,0.354352,0.492294,0.374699,0.205474,0.363451,0.220933,0.147850,0.313415,0.198730,0.270689,0.140720,-0.021072,0.098933,0.278413,0.339365,0.667060,0.515086,0.171984,-0.051300,0.000000,0.368924,0.049334,0.630879,0.036308,-0.151172,-0.096130,-0.116948,0.318871,-0.432443,-0.079367,-0.040846,-0.204942,-0.015437,0.114921,-0.069453,0.337626,0.022638,-0.114949,0.115041,-0.062098,0.198957,0.018650,-0.170674,-0.328473,-0.058481,0.104873,0.336829,0.256860,0.029994,-0.171046,0.060952,0.012789,0.298048,0.177738,-0.117405,-0.070216,-0.214730,0.159951,0.224650,-0.054689,0.167548,0.438975,0.196098,0.208548,0.077104,-0.019326
0.140103,0.218075,-0.047656,0.069465,0.031892,-0.698982,-0.184280,0.108960,-0.549034,-0.147942,-0.327335,0.526673,0.708794,0.676371,0.183870,-0.242073,-0.958128,-0.520056,-0.761112,-0.383887,-0.478069,-0.739191,-0.557905,-0.376413,-0.422550,-0.523879,-0.505528,-0.588195,0.085366,-0.307927,-0.987922,0.107943,-0.285200,-0.480157,-0.588687,-0.378758,-0.449403,-0.507945,-0.789066,-0.660271,-0.369930,-0.857413,-0.716362,-0.941802,-0.972989,-0.942934,0.286506,0.722934,-0.076157,0.127303,-0.209352,0.487436,0.203587,0.108818,0.465584,0.959664,0.477964,0.598599,0.132275,0.571415,-0.097180,0.955963,-0.109020,-0.238787,-0.219669,0.007747,-0.189354,0.550983,-0.176068,-0.577562,-0.065497,0.659573,-0.264176,0.531233,-0.290393,0.099706,-0.520802,0.757171,0.512016,0.112989,-0.114491,-0.186222,-0.181020,0.429430,-0.067731,-0.471495,-0.604939,-0.577617,-0.474834,-0.552796,-0.366076,-0.445644,-0.082148,-0.409386,-0.391686,-0.344084,-0.502595,-0.076101,-0.229762,-0.326790,-0.386159,0.025719,0.240816,0.269806,-0.040869,0.072582,-0.495157,-0.074717,-0.217159,-0.050580,0.285807,0.132284,-0.245841,-0.185440,0.969321,-0.409995,-0.437863,0.269258,-0.596425,-0.522662,0.231708,0.156605,0.256220,-0.219214,-0.350092,-0.501838,-0.478369,0.174135,-0.002784,0.014081,0.042074,-0.480695,-0.597086,0.343582,-0.401176,0.303470,0.121590,0.789966,0.070941,-0.344635,0.342952,0.380396,0.183788,0.533112,0.335700,-0.011675,0.307281,0.377468,-0.107405,0.078407,0.405716,0.239621,0.327760,0.113007,-0.138663,0.177837,0.246500,0.007291,0.333317,0.246364,0.230397,-0.043253,0.101668,-0.114628,0.032136,-0.123942,0.344760,0.123399,0.134813,0.191654,0.155677,0.169140,0.037353,-0.129967,0.243043,-0.575049,0.369602,0.394900,-0.469895,0.151959,-0.434775,0.117397,-0.086492,0.570278,-0.652599,0.146835,0.084482,0.465317,0.484934,-0.153560,-0.356403,-0.263813,-0.290879,-0.492555,-0.487648,-0.150397,0.231478,-0.287052,-0.272443,-0.176004,0.129836,-0.317779,0.743581,0.609146,0.607060,0.239724,1.049156,0.343701,0.279803,0.670459,0.222348,0.393654,0.270262,0.355747,0.565390,0.736167,0.085336,0.368924,0.000000,0.778587,0.029695,0.034987,-0.008288,0.154061,0.104798,0.232553,0.023764,0.132370,0.141899,-0.269228,0.078657,0.230764,0.513718,0.306164,0.301059,0.240668,-0.020382,0.820359,0.652464,0.862099,0.917232,0.160836,-0.303496,0.046490,0.278049,0.020083,0.574946,-0.600228,0.216811,0.066775,0.398128,0.758262,0.259704,-0.262922,-0.585032,0.248026,0.272442,-0.054218,-0.126825,0.269831,-0.351527,0.457259,-0.040566,-0.251327
0.065204,0.180332,0.178980,0.269926,0.026793,-0.636748,-0.244416,0.334442,-0.725869,-0.051985,-0.090287,0.403473,1.059188,0.498115,0.345126,0.104245,-0.851694,-0.760538,-0.940318,-0.417825,-0.508333,-0.631299,-0.617716,-0.167496,-0.416576,-0.608039,-0.585228,-0.839102,0.275741,-0.321941,-1.114958,0.085015,-0.522546,-0.360097,-0.445080,-0.220382,-0.404253,-0.543134,-1.016591,-0.920171,-0.257261,-0.937879,-0.599313,-1.006585,-0.975575,-0.983054,0.487351,1.099835,0.299768,0.574599,0.146853,0.607097,0.513307,0.289401,0.483687,1.010953,0.301377,0.779055,0.264052,1.019521,-0.155848,1.399760,-0.000928,-0.121258,-0.246716,-0.000794,-0.520618,0.451477,-0.167378,-0.622232,-0.017574,0.737270,-0.525288,0.415671,-0.337949,0.220140,-0.175702,0.489277,0.179556,0.468893,-0.421156,-0.499840,-0.179840,0.452920,0.011367,-1.054702,-0.840362,-0.855040,-0.531902,-0.611937,-0.399258,-0.526690,-0.068100,-0.356093,-0.371934,-0.832970,-0.535992,-0.660411,-0.643656,-0.600945,-0.469405,-0.422342,-0.101346,-0.334712,-0.085073,-0.104537,-0.473896,-0.068774,-0.024982,0.158453,0.039276,-0.326401,-0.238413,-0.304146,0.905353,-0.596151,-0.713549,0.165234,-0.194215,-0.963169,-0.255497,0.216366,0.406066,-0.316746,-0.490813,-0.250204,-0.723690,0.143236,-0.541442,0.154057,-0.293803,-0.429221,-0.870386,0.163755,-0.315235,0.259956,-0.241531,0.445366,-0.240979,-0.346624,0.128148,0.508284,0.159516,0.397454,0.356176,-0.102671,0.213627,0.303492,0.087100,0.248959,0.349650,0.194492,0.123377,0.100923,-0.028412,0.013150,0.238079,-0.017123,0.413823,0.338207,-0.018942,0.121919,0.201280,-0.342209,0.179544,-0.043869,0.334057,0.143066,0.068402,0.129420,0.253822,0.114639,-0.010387,-0.507028,0.399580,-0.344958,0.376891,0.677935,-0.121762,0.202164,-0.336970,0.453010,0.117303,0.425856,-0.528871,0.356671,-0.227863,1.185241,0.839349,0.020011,-0.220843,-0.044327,0.016703,-0.142286,-0.668110,-0.442583,0.159524,-0.206179,0.029473,-0.200296,0.012975,-0.273160,1.029666,0.642542,0.648539,0.378260,1.208282,0.508428,0.548496,0.644004,0.324622,0.413845,0.273493,0.278423,0.729891,0.978701,0.413482,0.049334,0.778587,0.000000,0.002591,0.006197,-0.250177,-0.054925,0.153635,0.086533,-0.098202,0.101730,0.071470,-0.258854,-0.106889,0.149527,0.160920,0.242174,0.589392,0.114061,0.031480,0.731201,0.637680,0.977267,0.810338,-0.156269,-0.402743,0.063549,-0.063248,0.133687,0.623839,-0.486764,-0.200610,-0.100549,0.760904,0.847276,0.263899,-0.288419,-0.420947,0.419396,0.010549,-0.044594,-0.218858,0.502319,-0.282248,0.393018,0.116576,-0.095888
0.085650,0.177093,0.171327,-0.111857,-0.299415,0.157535,-0.176736,0.120482,0.124340,-0.191955,0.201871,-0.011927,0.201651,-0.413821,0.164274,0.302416,-0.052597,0.066051,0.039881,0.051058,0.144231,-0.156069,0.153375,-0.038286,0.333746,0.056125,0.190872,-0.090444,-0.172954,-0.005857,-0.129762,0.298937,0.015696,-0.048130,0.114618,0.136376,0.246014,0.334188,-0.117773,-0.056096,-0.052773,0.020593,0.179046,0.042668,0.140196,0.041332,-0.336317,0.086248,0.333732,-0.119614,0.226892,-0.317646,0.068256,0.073724,0.023103,-0.034187,-0.568821,-0.338633,-0.051066,0.070300,-0.176818,0.094912,0.192443,0.305325,0.303688,0.181866,0.403298,0.004492,0.209473,0.177184,0.058881,0.173092,0.113043,-0.187553,-0.080139,0.279384,-0.079648,0.036930,-0.094151,-0.012120,-0.148771,-0.112426,0.190511,0.130728,0.053053,-0.099338,-0.022993,0.014315,0.224222,0.083441,0.178782,0.109263,0.062788,0.662994,0.029917,-0.036361,0.234024,-0.153708,0.033699,-0.126934,0.097390,0.233987,-0.340654,-0.181616,0.358215,-0.201153,0.277892,0.518215,0.399106,0.537846,0.329376,-0.136173,0.480010,0.406839,0.095812,0.168074,-0.049147,0.102344,0.284019,-0.143444,0.178455,0.445381,0.559313,-0.089907,-0.104071,-0.222451,-0.279823,0.325850,-0.059139,0.295193,0.002101,0.172994,0.282647,1.150947,0.171862,0.672302,-0.126510,-0.148147,-0.051090,-0.154150,0.116239,-0.291855,-0.221166,-0.119410,-0.447548,-0.567118,-0.432552,-0.409947,-0.295879,-0.368377,-0.161421,-0.566072,0.213479,0.308085,-0.428028,-0.322320,-0.391326,-0.567392,-0.243771,-0.365364,-0.334292,-0.531761,-0.414141,-0.167373,-0.305943,-0.434485,-0.431269,0.135449,-0.377037,-0.449992,-0.072561,-0.200739,0.043668,-0.198665,0.106093,-0.394393,0.111969,0.020738,-0.166844,0.125855,0.177657,0.328400,-0.060470,-0.196651,-0.157487,-0.105942,-0.180720,-0.088365,0.227925,0.049670,0.139843,0.709065,0.069054,0.197696,-0.106272,0.137662,0.223374,-0.075201,0.472178,0.167207,0.038722,-0.143488,0.138700,0.200796,-0.218562,0.023336,0.185416,-0.223430,-0.160220,-0.005154,0.309394,0.431670,-0.240435,0.108314,0.393859,-0.062858,0.126023,0.630879,0.029695,0.002591,0.000000,-0.005281,-0.143469,-0.196563,-0.216979,-0.154299,-0.120839,-0.153605,0.094655,0.034748,-0.097114,-0.220536,-0.147732,-0.132170,0.421655,0.184679,0.516089,0.058234,0.435162,0.167525,-0.183068,-0.537805,-0.291955,-0.316325,-0.162851,0.073880,-0.280003,-0.022401,0.185835,0.255201,-0.045202,0.059812,-0.445304,0.023150,-0.090946,-0.305700,0.032516,-0.694063,-0.080067,0.001675,-0.108222,-0.207302,-0.406266,-0.323756
-0.229224,-0.072302,-0.347458,-0.140544,-0.264527,-0.091328,0.632190,-0.405351,0.278787,0.193004,0.254085,-0.362896,-0.011721,0.096344,0.211218,-0.253549,0.165522,0.326736,0.324774,0.089472,-0.374354,0.312973,0.169128,-0.115744,-0.188673,-0.203770,0.067871,0.257846,-0.312905,-0.295491,0.256438,0.124738,0.041313,-0.063341,-0.047610,-0.459855,-0.039591,0.144485,0.230841,0.254262,-0.109658,0.293055,0.105046,0.212922,0.210255,0.299579,0.070174,-0.339555,-0.148480,0.332951,0.074847,-0.430308,-0.071928,-0.320477,0.545926,-0.018683,0.092450,-0.006627,0.156535,-0.271684,0.334239,-0.135304,0.009599,0.175035,0.226850,0.099255,0.034493,-0.124125,0.105236,0.442371,0.257117,-0.105172,0.256578,0.009344,0.413816,-0.431864,0.318826,-0.365974,-0.183576,0.656817,0.256365,-0.039277,-0.022029,-0.453546,-0.310450,0.055594,0.307985,0.376059,0.380692,0.463765,0.226088,0.429055,1.002276,0.342440,0.697826,-0.011467,0.403375,0.003457,0.037868,0.133328,0.402967,-0.180229,-0.156922,-0.186561,0.306497,0.057318,0.479865,0.352245,-0.253847,-0.088365,0.040983,0.269345,0.337101,0.375082,0.079679,0.121998,0.214773,-0.448103,-0.371310,0.269992,0.419994,0.326212,0.137953,0.922681,0.677752,0.620009,-0.149998,-0.109880,-0.009319,-0.091739,-0.209581,0.125090,0.311113,-0.171083,0.500413,0.069358,-0.337545,0.003830,0.104505,0.190370,-0.026775,-0.071161,0.300716,-0.015632,0.187913,0.183859,-0.063244,0.119383,-0.290614,0.058398,0.278140,0.276050,-0.336702,0.066713,-0.124383,0.140425,-0.092995,0.019818,0.206134,0.518070,0.006907,-0.265555,0.380175,-0.153596,0.065019,0.276921,0.067259,-0.121288,-0.255706,0.264360,-0.458629,0.165868,-0.477500,-0.088693,-0.257060,0.093505,-0.279507,0.296757,0.021614,-0.348732,-0.079206,-0.007007,-0.688792,-0.192778,0.169802,-0.334176,-0.172420,0.111753,-0.064933,0.050113,-0.050113,-0.017902,0.406406,0.134912,-0.089917,-0.171493,-0.542204,0.012528,-0.080719,-0.186335,-0.165872,0.132995,-0.194776,-0.070179,-0.022195,-0.401532,-0.093668,-0.261618,-0.426353,-0.336869,0.003711,0.252637,0.077634,-0.294196,-0.044794,0.126699,0.112369,0.036308,0.034987,0.006197,-0.005281,0.000000,0.196807,0.250183,0.787460,0.491742,-0.232240,-0.389473,-0.018383,-0.035629,0.016941,0.049385,0.212146,0.414556,-0.059819,-0.181762,0.176424,-0.031663,-0.084684,-0.026154,-0.232040,-0.454170,-0.278351,0.075886,0.237365,-0.099792,-0.067016,0.285494,0.090496,-0.165578,0.104582,-0.086241,0.330672,0.199757,-0.218204,0.012865,-0.203915,-0.147764,0.048077,0.075993,0.091809,-0.166677,0.212361,-0.312175
0.028126,-0.136565,-0.335507,-0.062917,-0.147104,-0.067162,-0.021024,0.127442,0.257429,-0.206865,-0.405839,-0.003458,0.010610,0.054424,0.192401,-0.349558,0.255902,0.396338,0.393411,-0.001622,-0.206342,0.242817,0.196668,-0.043792,-0.231489,-0.079770,0.135608,0.470880,-0.284000,-0.063003,0.303818,0.089375,0.077889,-0.064020,0.147802,-0.477753,-0.105562,0.074666,0.460640,0.335412,-0.125182,0.365084,0.010180,0.300881,0.261562,0.282797,0.010511,-0.193697,-0.362206,-0.145675,-0.489556,-0.235226,-0.260509,-0.374701,-0.028813,-0.193137,0.179757,0.037416,-0.143453,-0.272195,0.438369,-0.140117,0.388425,0.125329,0.212586,0.421274,0.226624,0.159947,-0.003820,0.238735,0.256095,-0.270790,0.595078,0.104361,0.253131,-0.138357,-0.258801,0.079084,0.552707,-0.291134,0.728504,0.513664,-0.121035,0.159002,-0.405639,0.519018,0.338863,0.193861,0.203934,0.035561,-0.024230,0.254537,0.061882,-0.180545,0.200021,0.485925,0.081735,0.642366,0.394416,0.687149,-0.070394,0.180707,0.736672,0.414690,-0.211968,0.046178,-0.172233,-0.316853,-0.247913,-0.444010,0.036529,0.128745,-0.332270,-0.103052,-0.026779,0.310372,0.486431,0.287248,-0.122955,0.512384,0.027239,-0.578177,-0.001440,0.156632,0.309922,0.047364,0.438090,0.215445,0.643247,0.184475,0.411620,-0.245707,0.265693,-0.085576,-0.074753,0.088543,0.732713,0.223272,0.459656,-0.158550,0.199616,-0.074108,-0.314924,-0.061353,-0.262857,-0.096371,0.030052,-0.265692,0.070429,-0.171444,-0.076151,-0.146917,0.203703,-0.174796,0.067726,0.004652,-0.009192,-0.115731,-0.228729,-0.145816,0.157836,0.017875,-0.260981,0.380135,-0.012831,-0.172915,-0.252107,-0.097093,0.100837,-0.105348,-0.020436,0.162899,0.127247,0.567612,-0.276072,-0.146074,0.067858,-0.235546,-0.174768,-0.165557,-0.096082,-0.129432,0.073999,0.416081,0.071216,-0.149358,0.506977,-0.120611,-0.530460,-0.471246,-0.186041,-0.517727,-0.418382,-0.448933,0.176393,-0.105351,-0.120594,0.093032,-0.455362,-0.210346,-0.252370,-0.125817,-0.275332,-0.046350,-0.127487,-0.315543,-0.149013,-0.268630,-0.457768,-0.040544,-0.370839,-0.366509,-0.244546,0.008209,-0.544196,-0.316649,-0.132808,-0.151172,-0.008288,-0.250177,-0.143469,0.196807,0.000000,0.593066,0.372835,0.154634,0.271558,0.158103,0.135749,0.225166,0.367997,-0.079789,0.369810,-0.128586,-0.080673,0.044559,0.088490,0.085052,0.110217,-0.021324,-0.021210,0.520664,-0.157977,-0.289604,0.235417,-0.265258,-0.000935,-0.038084,0.101924,0.345531,-0.275444,0.034867,0.207516,0.139190,-0.307946,-0.224518,0.274171,-0.029871,0.003953,-0.261575,-0.154175,0.098512,0.037483,-0.195663
0.214759,0.168038,-0.046878,-0.436421,-0.356964,-0.375630,0.043444,0.276156,0.394307,-0.110303,-0.174822,0.247282,0.047681,-0.021686,0.646218,-0.242948,0.237240,0.258388,0.064600,-0.231864,-0.264090,0.410454,0.030975,0.043528,-0.183608,-0.050678,0.298821,0.235930,0.150978,-0.526657,0.038424,0.132245,-0.166266,-0.217244,0.033782,-0.412221,0.136408,-0.025622,0.339289,0.256767,0.138329,0.263656,0.285102,0.165944,0.117945,0.125073,0.281422,-0.108760,-0.280860,-0.487770,-0.185746,-0.222572,-0.271823,-0.017826,0.262659,0.079636,0.256139,0.408631,-0.092108,0.143473,0.842714,0.078061,0.177102,0.586376,0.526695,0.697921,0.325501,0.365425,0.024784,0.297222,0.530378,0.024548,0.511541,-0.137845,0.298528,-0.239236,0.004963,0.028587,0.399007,-0.184568,1.016899,0.559402,0.351653,0.277740,0.176114,0.273909,0.125639,0.114108,0.173687,0.130944,0.092823,0.417971,0.081612,-0.356675,0.286606,0.347655,0.100182,0.376118,0.409865,0.658393,0.171037,0.201861,0.654135,0.462586,0.102174,0.219691,-0.125561,-0.000031,-0.298594,-0.367521,0.288506,0.118898,-0.056424,-0.094835,0.027034,0.293644,0.344360,0.058527,-0.346720,0.076114,0.154226,-0.464474,0.235064,0.032286,-0.015810,0.180228,0.276903,0.487490,0.449448,0.434386,0.171873,0.120273,0.199121,-0.072608,0.120310,0.053245,0.537622,0.369413,0.524604,-0.264196,0.318025,-0.139094,-0.050490,-0.218379,-0.127193,-0.175179,-0.220752,-0.062765,-0.051631,-0.310035,0.022571,0.092997,0.276954,-0.174637,-0.083683,-0.180270,-0.200690,-0.206727,-0.092462,0.016890,0.177450,0.030474,-0.073475,0.129189,-0.141635,-0.356918,-0.101852,-0.030816,-0.092095,-0.034620,0.088331,-0.060509,0.278811,0.135841,-0.476590,-0.414324,-0.048985,-0.173305,-0.461178,-0.341551,0.270577,0.025648,0.259763,0.497363,-0.072284,-0.149249,0.085830,0.085491,-0.092216,-0.756413,-0.537387,-0.490696,-0.561352,-0.631067,0.038347,-0.252004,-0.230539,-0.026107,-0.435236,-0.379912,-0.855336,-0.469362,-0.011167,0.036735,-0.234629,-0.677397,-0.066029,-0.372081,-0.540307,0.297705,0.271534,0.110188,-0.294399,-0.102731,-0.244724,-0.129691,0.415954,-0.096130,0.154061,-0.054925,-0.196563,0.250183,0.593066,0.000000,0.573471,0.274436,0.038752,-0.290270,0.588931,0.092341,0.517973,0.160955,0.235977,0.080812,0.132561,-0.042114,0.340135,0.471703,0.221740,0.091237,0.020543,0.346226,-0.284890,-0.041129,0.575156,-0.029394,0.356167,-0.143824,0.115602,0.580299,-0.173861,-0.007401,-0.009286,0.184783,-0.677652,-0.384461,-0.143272,-0.368130,-0.413475,-0.283985,-0.518577,-0.170241,-0.312388,-0.616178
-0.119606,-0.049747,-0.263460,-0.239684,-0.325488,-0.271509,0.405605,-0.045914,0.194017,0.184776,0.102696,-0.264923,0.094970,0.178528,0.464650,-0.075178,0.072518,0.178375,0.178643,-0.033018,-0.276660,0.272451,0.043793,0.065057,-0.124898,-0.183152,0.065233,0.237934,0.162537,-0.204292,0.045170,0.317074,-0.098361,-0.032256,-0.051689,-0.347721,-0.036550,0.044201,0.136073,0.132377,0.229185,0.184899,0.147596,0.136444,0.101830,0.116235,0.506732,-0.004141,0.052077,0.167740,0.026763,-0.230733,0.171185,0.077380,0.686322,0.226220,0.366644,0.385940,0.081354,0.118039,0.462744,0.070636,0.206240,0.323101,0.403446,0.456244,0.073587,0.143857,0.138812,0.433641,0.614595,0.179113,0.208806,0.013137,0.379368,-0.250155,0.156621,-0.246374,-0.006256,0.397332,0.396935,0.127723,0.113492,-0.181477,-0.309341,-0.036690,0.100425,0.114651,0.240152,0.230384,-0.012441,0.337110,0.667841,-0.130927,0.548541,-0.097722,0.174614,-0.046029,0.035773,0.030871,0.141484,-0.124779,0.060174,-0.036828,0.189828,-0.035130,0.152279,0.168954,-0.221550,-0.137830,0.082137,-0.025197,0.197819,0.067738,0.115804,0.040825,0.170954,-0.285908,-0.412017,0.144093,0.104709,-0.100711,0.278734,0.385979,0.355920,0.381722,-0.137519,0.182499,0.069118,0.069708,-0.055402,0.000092,0.102081,-0.184561,0.325803,0.144144,-0.129145,0.167267,0.172012,0.154365,0.251564,0.102735,0.312628,0.089685,0.261541,0.142585,0.058829,0.215285,-0.088409,0.139074,0.421636,0.339335,0.039184,0.179970,0.041840,0.152967,0.059219,0.033410,0.353241,0.502804,0.049527,0.051169,0.356751,0.056075,0.160203,0.211850,0.131012,-0.027903,-0.092297,0.349049,-0.266383,0.303503,-0.219667,-0.088362,-0.370163,-0.166197,-0.344784,0.019291,-0.078034,-0.403760,-0.090392,0.142291,-0.320210,0.057819,-0.133030,-0.187605,-0.062979,0.133625,-0.185385,-0.302657,-0.335171,-0.355235,-0.004989,-0.189537,-0.277348,-0.413685,-0.558449,-0.221104,-0.160760,-0.456422,-0.594019,-0.292235,0.000556,-0.158259,0.016589,-0.575048,0.027299,-0.331337,-0.474345,-0.075326,0.102178,0.305340,0.001196,-0.158507,-0.005209,0.335439,0.241594,-0.116948,0.104798,0.153635,-0.216979,0.787460,0.372835,0.573471,0.000000,0.256106,0.005269,-0.421202,0.320242,0.294724,0.404015,0.265807,0.407617,0.188591,0.061897,-0.163589,0.291274,0.239558,0.058886,0.156081,-0.067062,-0.240736,-0.363043,0.152392,0.185338,-0.169217,0.047053,0.108980,-0.045902,0.029838,0.013166,0.070694,0.103524,0.268671,-0.264764,0.024343,0.007252,-0.116082,-0.098603,0.119607,-0.214683,-0.085446,0.151064,-0.399308
-0.193006,0.068215,-0.280458,0.054919,0.144556,-0.272399,0.176984,-0.215643,-0.116529,0.031742,-0.175759,-0.069356,0.129258,0.342622,-0.028452,-0.533329,-0.195492,-0.132407,-0.068596,-0.019856,-0.485629,-0.107813,0.022966,-0.081953,-0.289109,-0.387737,-0.225057,-0.164747,0.081708,-0.264480,-0.075484,-0.271202,0.117098,-0.139675,-0.310730,-0.473656,-0.226710,-0.225386,-0.076357,-0.032064,-0.115391,0.095134,-0.131736,0.024391,0.019334,-0.068702,0.114907,-0.241794,-0.323670,0.270874,0.065510,-0.219669,-0.305782,-0.303284,0.236531,-0.045959,0.302036,0.165205,0.424735,-0.194293,0.385388,-0.007048,-0.241478,-0.099272,-0.127503,-0.113225,-0.267903,0.063744,-0.183996,-0.132954,-0.105378,-0.031543,0.091741,-0.152234,-0.096986,-0.023757,0.113454,-0.204724,-0.124755,0.242662,0.162855,-0.375451,-0.439045,0.211012,-0.321792,-0.141330,-0.114979,-0.077059,-0.137521,-0.084778,-0.063929,-0.078510,0.209481,0.063158,0.038311,-0.140966,-0.139090,0.186658,-0.087142,0.063898,-0.055664,-0.424220,-0.170936,0.291076,-0.221068,0.365706,0.107996,-0.149021,-0.150891,-0.107320,-0.064078,0.459568,-0.101396,0.338106,-0.016558,-0.038338,-0.253395,0.186112,-0.818702,-0.125056,0.227510,0.317662,-0.110982,0.250848,0.160094,0.141706,-0.134053,-0.307746,-0.189142,-0.184674,-0.181138,-0.309501,-0.076927,-0.262136,0.057418,-0.188063,-0.041916,0.479137,-0.286474,-0.270648,-0.191658,-0.246741,0.110186,0.107938,0.250229,0.226553,0.114654,0.228913,-0.053342,0.195149,0.356831,0.381678,-0.521046,-0.145090,0.221855,0.429225,0.200436,0.161116,0.141617,0.225431,0.368013,0.110078,0.373799,-0.364555,-0.130104,0.174676,0.329831,-0.282280,0.104241,0.266884,-0.182579,-0.237843,-0.037176,0.275953,-0.195792,0.055898,0.101730,0.514034,-0.242527,0.356142,0.082419,-0.007810,-0.331291,-0.062540,0.137492,-0.296998,0.007494,0.071707,-0.016375,0.169377,-0.108211,-0.050575,0.280255,-0.101374,0.157113,0.017637,0.159323,0.090746,-0.284826,0.150138,0.189610,0.359952,0.055270,0.197222,0.130485,0.159851,-0.008019,0.342148,0.239384,-0.201958,0.038173,0.225388,0.680245,0.444110,0.188017,0.165777,0.194879,0.318871,0.232553,0.086533,-0.154299,0.491742,0.154634,0.274436,0.256106,0.000000,-0.126718,-0.101474,-0.087449,-0.041992,-0.125096,0.164516,0.116069,0.415251,-0.272268,-0.073503,-0.084853,0.004256,-0.164624,-0.040772,-0.024156,0.025252,0.031954,-0.000154,0.441950,0.116167,0.383603,-0.127142,0.172540,-0.030169,0.349104,0.043263,0.153091,-0.296728,-0.351352,0.015129,-0.146640,0.058299,0.013673,-0.019511,0.425295,-0.024146,0.130563,-0.087407
0.146263,0.018458,0.354595,-0.175209,-0.219537,0.173136,-0.537214,-0.158429,0.147650,0.308026,0.092841,0.181348,-0.184887,-0.124159,0.386875,0.351781,0.058535,0.348446,0.332909,0.208877,0.396174,0.136029,0.524208,0.475016,0.359857,0.412450,0.225603,0.495470,0.166834,0.315630,0.129292,0.458539,0.157674,0.687475,0.553648,0.274466,0.257729,0.266711,0.204569,0.310727,0.511658,0.141183,0.108958,0.142781,0.039537,0.022061,0.220221,0.096310,0.293956,-0.138277,0.060001,0.156228,0.276718,0.349396,0.123647,0.043244,-0.010142,-0.022185,0.045436,0.108495,-0.087635,0.024701,0.098958,0.029514,0.120837,0.192076,0.411413,0.284341,0.348684,0.024245,0.020238,0.187198,0.121329,0.137284,-0.226522,0.392330,-0.265820,0.126454,0.194796,-0.604682,-0.072875,0.283473,-0.107894,-0.009195,0.014317,0.205484,0.262882,0.175374,0.098463,0.075073,0.182413,0.154652,-0.339310,-0.228011,-0.030734,0.160683,0.113450,0.262166,0.442483,0.099312,-0.015536,0.205876,0.437994,0.429428,0.188004,-0.427889,-0.007074,0.076327,0.491740,0.280914,0.555494,-0.318448,0.063857,-0.216004,0.149019,0.092349,0.152860,-0.129561,0.009723,0.169993,0.062920,-0.279046,-0.077983,-0.161648,-0.366114,-0.147879,0.177633,0.235382,0.459905,0.004218,0.388927,-0.072927,0.087513,-0.129543,-0.428888,-0.137877,0.196062,0.274475,0.312971,0.014928,-0.140862,-0.272522,-0.532732,-0.232519,-0.401439,-0.315250,-0.176499,-0.302877,-0.420960,-0.337272,-0.527597,-0.371377,0.209957,0.196041,-0.250823,-0.143607,-0.238187,-0.447439,-0.303077,-0.316297,-0.232688,-0.327639,-0.369286,0.052108,-0.487821,-0.296952,-0.390131,-0.090919,-0.222103,-0.370392,-0.145264,-0.396038,-0.177928,0.075974,-0.318389,-0.068627,-0.163204,-0.469624,-0.257681,-0.024578,-0.124165,0.222581,0.097287,0.113468,-0.001506,-0.204574,0.559653,-0.261376,-0.183276,-0.493010,-0.126738,-0.489329,-0.671726,-0.608973,-0.222557,-0.351487,-0.196647,-0.432326,-0.293759,-0.377695,-0.159860,-0.297473,-0.106622,-0.259027,-0.166157,-0.231919,-0.076999,-0.259001,-0.073327,-0.011395,0.203683,0.071249,-0.149190,-0.207613,-0.185453,0.048543,-0.056384,-0.432443,0.023764,-0.098202,-0.120839,-0.232240,0.271558,0.038752,0.005269,-0.126718,0.000000,0.160343,0.230745,0.452779,0.027887,0.023156,0.280825,-0.814019,-0.209695,0.582337,0.093328,0.153842,-0.123109,0.216565,0.253172,0.334367,-0.089022,-0.505740,-0.557279,-0.548788,-0.027130,-0.021107,0.134739,0.263218,-0.524647,0.048953,-0.333502,-0.210417,0.128810,-0.414711,0.224929,-0.112201,0.061009,-0.619924,-0.104493,-0.217788,-0.456681,-0.001465
-0.064409,-0.300032,0.271311,0.387596,0.564233,0.049025,-0.264223,0.013530,-0.462356,-0.101189,-0.631431,0.354229,0.060154,0.322319,-0.352787,-0.287924,-0.324824,-0.195382,-0.158527,0.101809,-0.129809,-0.407422,-0.141599,-0.047517,-0.287619,-0.163892,-0.377505,-0.189699,-0.079763,0.277138,-0.145887,-0.231097,0.089647,0.062257,-0.074248,-0.059505,-0.455202,-0.359120,-0.218556,-0.250384,-0.325305,-0.258874,-0.560221,-0.316690,-0.261040,-0.313374,-0.062192,0.321390,-0.242248,-0.066309,-0.194060,0.529976,-0.113499,-0.241863,-0.166993,-0.064813,0.159480,-0.052606,-0.201529,-0.096273,-0.410159,0.108934,-0.188531,-0.580760,-0.564598,-0.444924,-0.541336,0.030174,-0.299858,-0.504153,-0.621612,-0.119390,-0.245637,0.592650,-0.183490,0.399210,-0.522249,0.316696,0.254441,-0.227342,-0.196200,-0.004165,-0.438311,0.078126,-0.019898,-0.060382,-0.244796,-0.292703,-0.319720,-0.518100,-0.247790,-0.456487,-0.385096,-0.453416,-0.499506,-0.000547,-0.418058,-0.016858,-0.086982,-0.116809,-0.386147,-0.025946,0.257166,0.030279,-0.291843,-0.180188,-0.515008,-0.400115,0.140955,-0.028924,-0.258429,-0.249485,-0.453645,-0.670247,0.059134,-0.239132,-0.209942,0.209323,0.298622,-0.103327,-0.166698,-0.182188,-0.476608,-0.325645,-0.079732,-0.444516,0.037947,-0.194250,0.044557,-0.177904,-0.082704,-0.283381,-0.315368,-0.050040,-0.651035,-0.069836,0.138881,-0.044881,-0.073605,0.125878,-0.105436,0.393722,0.055854,0.514768,0.181233,0.213538,0.629157,0.259906,0.406653,0.424098,-0.007900,0.088270,0.230869,0.214245,0.386331,0.282220,0.608988,0.290067,0.106106,0.037117,0.194416,0.310353,-0.007826,0.503131,0.388621,0.115591,0.244573,0.132846,0.636627,0.183360,0.196077,0.208650,0.167706,0.215945,0.605376,0.162953,0.171254,-0.118017,0.434283,0.415097,-0.573008,0.004456,0.129089,0.141341,-0.088749,0.623594,0.311861,0.114344,-0.020483,0.152330,0.151047,-0.253939,-0.156552,-0.019423,-0.041189,0.091009,0.339946,-0.073434,0.015935,0.191653,0.411588,0.054051,0.028377,0.079449,0.567951,0.464602,0.188763,0.496803,0.471061,0.326264,-0.232324,-0.498589,0.136876,0.091614,-0.048274,-0.035508,-0.604960,-0.079367,0.132370,0.101730,-0.153605,-0.389473,0.158103,-0.290270,-0.421202,-0.101474,0.160343,0.000000,-0.370937,-0.145114,-0.266354,-0.035503,0.246560,-0.082351,-0.060458,0.090571,-0.516797,-0.111947,0.075463,0.067791,0.379644,0.501317,0.381662,-0.309605,-0.293131,-0.335606,0.388912,-0.104768,-0.199236,-0.102850,0.079668,0.525772,0.420392,-0.114212,0.175884,0.533601,0.651687,0.398216,0.407650,0.182429,0.042635,0.699834,0.380119,0.610983
0.063721,-0.000186,0.172070,-0.528520,-0.437818,-0.008137,0.005868,0.271248,0.496713,0.175736,0.081679,0.197758,-0.071333,-0.163755,0.763152,0.240344,-0.030945,0.240595,0.017328,-0.004184,-0.007129,0.057172,-0.050739,0.315002,0.236227,0.073930,0.399299,0.082982,0.294123,-0.060052,-0.163352,0.526755,-0.074931,-0.117737,0.093662,-0.049052,0.194668,0.145602,0.061128,0.033270,0.342073,0.006123,0.301853,-0.025938,-0.151308,-0.129138,0.601177,0.147502,0.237267,-0.377084,-0.156877,-0.047408,0.269598,0.511189,0.429690,0.298558,0.140271,0.408394,0.183170,0.603031,0.540456,0.106057,0.632271,0.830303,0.884239,1.090719,0.436568,0.627889,0.341713,0.341407,0.933310,0.447055,0.501677,-0.164721,0.124526,-0.012137,0.242362,-0.094030,0.042119,-0.270209,0.373266,0.433682,0.631351,0.191141,0.287673,0.175421,0.175270,0.068957,0.189209,0.130561,0.202042,0.427762,-0.041150,-0.247219,0.220026,0.212276,0.274526,0.236221,0.367062,0.187230,0.102293,0.293682,0.291840,0.350329,0.355012,-0.130188,0.008130,0.289627,0.143460,0.137551,0.531782,-0.105222,0.404237,0.119927,0.020365,0.513933,0.228882,0.002341,-0.031960,0.054986,0.068760,-0.207019,0.317667,-0.063339,-0.269697,0.050367,0.169029,0.890619,0.171601,0.192320,0.349920,0.184393,0.234638,0.086568,0.016231,-0.009766,0.199902,0.337961,0.290779,-0.039699,0.194389,-0.095774,-0.171594,-0.157206,-0.128106,-0.296079,-0.276050,-0.072793,-0.229343,-0.276591,0.003526,-0.050466,0.619802,0.220867,-0.195353,-0.118084,-0.287310,-0.407792,0.086665,0.006220,0.008689,-0.085518,-0.139885,0.044183,-0.093320,-0.346868,-0.108911,-0.105044,-0.186876,-0.057824,-0.223521,-0.054671,-0.050219,-0.011478,-0.617680,-0.570519,-0.309525,-0.325616,-0.718424,-0.367641,0.254885,0.128352,0.167138,0.113507,-0.228236,-0.466721,0.120374,-0.101383,0.003271,-0.743880,-0.609800,-0.249803,-0.627040,-0.722273,-0.272182,-0.098586,-0.175100,-0.352888,-0.281260,-0.484069,-0.894719,-0.457876,0.070944,-0.187390,-0.436285,-0.643355,0.005875,-0.567197,-0.424057,0.236872,0.687762,0.356319,-0.157567,-0.031858,0.034644,0.225075,0.562802,-0.040846,0.141899,0.071470,0.094655,-0.018383,0.135749,0.588931,0.320242,-0.087449,0.230745,-0.370937,0.000000,0.479903,0.895534,0.006312,0.256273,-0.235028,0.025162,0.321693,0.990938,0.474643,0.135866,0.239460,-0.121778,-0.074820,-0.544949,-0.008308,0.144555,-0.002778,0.228820,0.044479,-0.004189,0.901525,-0.406057,0.022649,-0.442669,0.331340,-0.520620,-0.489517,-0.049897,-0.576644,-0.412708,-0.351909,-0.583407,-0.377073,-0.503556,-0.619004
-0.240363,-0.263294,-0.011690,-0.335774,-0.140289,0.212087,0.071110,-0.067637,0.367386,0.273078,-0.050855,-0.253102,-0.388351,-0.100483,0.243736,0.264750,0.195072,0.405455,0.508281,0.264304,0.290463,0.166163,0.338749,0.494074,0.510609,0.233075,0.322138,0.373221,0.378083,0.363418,0.296641,0.397669,0.113274,0.499808,0.403651,0.180631,0.201736,0.440645,0.350655,0.412362,0.696597,0.397483,0.413150,0.510121,0.376306,0.304524,0.443651,-0.150038,0.319954,-0.139729,0.114118,-0.100501,0.216671,0.371553,0.199033,-0.008376,0.144017,0.136886,-0.000326,0.030072,0.104166,-0.223108,0.447997,0.275018,0.482134,0.413723,0.410068,0.281952,0.375356,0.514142,0.495524,0.065106,0.323095,-0.168340,0.094774,0.119097,0.053280,-0.446075,-0.228376,-0.339139,0.071132,0.221388,0.100605,-0.039282,-0.093814,0.176629,0.350859,0.245453,0.268596,0.178382,0.092890,0.378080,-0.042570,-0.027056,0.249410,0.171991,0.435833,0.217062,0.376102,0.133598,0.117608,0.036885,0.052217,0.115018,0.185178,-0.291254,0.363393,0.177455,0.312468,0.234891,0.311289,-0.147715,0.380276,0.164324,-0.260763,0.453196,0.255033,-0.123948,0.078204,0.375243,-0.059643,-0.112186,0.017866,0.032771,0.122202,0.037719,0.234991,0.237715,0.257515,-0.140985,0.443243,0.085379,0.358267,-0.239176,-0.054475,-0.117284,0.042678,0.071485,0.012445,0.215050,-0.125096,-0.181629,-0.296979,-0.129612,-0.204805,-0.047067,-0.107607,-0.234903,-0.089470,-0.058731,-0.048140,-0.165303,0.119622,0.304434,0.118874,0.093878,-0.104434,-0.130317,-0.150663,-0.149456,-0.069959,0.020839,-0.153006,0.200259,-0.040606,0.025271,-0.240054,-0.223332,-0.083781,-0.038250,-0.455737,0.033407,-0.333404,0.260313,-0.438274,-0.085941,-0.441728,-0.572019,-0.243099,-0.086823,-0.042604,0.009080,-0.246488,-0.236052,0.051995,-0.462554,0.434527,-0.538880,-0.478629,-0.378995,-0.220010,-0.239324,-0.315420,-0.344488,-0.131641,-0.138343,-0.286305,-0.344729,-0.130289,-0.268691,-0.359714,-0.131403,-0.247293,-0.500795,-0.288330,-0.346471,-0.326643,-0.488419,-0.305289,-0.303378,0.091372,0.175180,0.074538,0.006626,-0.082352,-0.005855,0.216630,-0.204942,-0.269228,-0.258854,0.034748,-0.035629,0.225166,0.092341,0.294724,-0.041992,0.452779,-0.145114,0.479903,0.000000,0.608859,-0.009117,0.294739,-0.283695,-0.373035,0.312988,0.525785,-0.013437,-0.290796,-0.072409,-0.262944,-0.041514,-0.060014,-0.034657,-0.244419,-0.013714,-0.323372,0.184697,-0.069337,0.424766,-0.685378,-0.259356,-0.453396,0.117937,0.094638,-0.492259,0.223802,-0.108977,-0.152230,-0.513052,0.002274,-0.264362,-0.278467,-0.160666
-0.193051,-0.361790,-0.315612,-0.352920,-0.303024,-0.006469,0.349465,0.288446,0.494438,-0.035616,-0.216561,-0.101867,-0.187527,0.100124,0.338774,0.080275,0.089316,0.186107,0.087400,0.053129,0.039887,0.030944,-0.127238,0.225475,0.206933,0.028726,0.302741,0.106145,0.294794,0.146859,0.038531,0.208870,-0.010644,-0.188908,-0.085820,-0.093677,0.004763,0.080710,0.189677,0.116247,0.327494,0.095053,0.232909,0.126032,0.009521,0.082939,0.530183,-0.024612,0.047884,-0.315623,-0.414340,0.013215,0.156359,0.320062,0.264916,0.248138,0.403720,0.447693,0.045994,0.257114,0.537458,-0.037678,0.646401,0.545812,0.692969,0.857204,0.325832,0.534808,0.308209,0.420441,1.003907,0.147392,0.629270,-0.029179,0.404267,-0.347281,0.165750,-0.118964,0.115573,-0.213999,0.519478,0.557841,0.513222,0.142733,0.100867,0.335369,0.275428,0.151167,0.198003,0.104182,0.023231,0.400296,0.038391,-0.215131,0.295385,0.313803,0.256990,0.358104,0.232406,0.346602,0.009423,0.173144,0.379159,0.240147,0.087010,-0.075707,-0.008716,-0.039018,-0.237125,-0.288926,0.147361,0.157105,0.154588,0.136565,-0.166544,0.622333,0.439185,0.157755,-0.013084,0.449200,-0.150316,-0.404855,0.139596,0.108011,0.165943,0.136296,0.432572,0.506872,0.272898,-0.021163,0.370073,0.155088,0.297939,-0.086184,0.067580,-0.049688,0.396972,0.179037,0.262714,0.077780,0.202604,0.162617,-0.005450,0.038633,0.079967,0.121262,0.034579,0.035711,0.138919,-0.028990,0.281197,0.169451,0.512211,0.054803,0.173164,0.114890,0.022789,0.055926,0.123134,0.163754,0.260970,0.264935,0.047613,0.450576,0.294094,0.017067,0.048640,-0.230597,0.097096,0.211759,-0.263098,0.438567,-0.105194,0.267871,-0.493964,-0.286252,-0.300628,-0.496376,-0.434679,-0.510215,0.114679,-0.257520,0.017840,0.149583,-0.092234,-0.350107,0.165014,-0.274128,-0.399550,-0.558677,-0.387379,-0.326615,-0.491130,-0.461903,-0.018985,0.093499,-0.256364,-0.092818,-0.287219,-0.372166,-0.601161,-0.232684,-0.051807,-0.355654,-0.243600,-0.556201,-0.151128,-0.510686,-0.556059,0.088633,0.061452,-0.000297,-0.049182,0.095911,-0.236006,0.053146,0.204384,-0.015437,0.078657,-0.106889,-0.097114,0.016941,0.367997,0.517973,0.404015,-0.125096,0.027887,-0.266354,0.895534,0.608859,0.000000,0.042293,0.337799,0.088969,-0.179658,0.140004,0.608944,0.311999,0.024054,0.043916,-0.199362,0.118608,-0.210475,0.386267,0.378937,0.150610,-0.054363,0.175287,-0.147726,0.539475,-0.514686,-0.145578,-0.162950,0.466649,-0.358398,-0.310370,0.122778,-0.039389,-0.290795,-0.207454,-0.387365,-0.035035,-0.140878,-0.358494
0.294990,0.281371,-0.002589,0.204352,0.409904,-0.600913,-0.012039,0.080028,-0.326342,-0.204579,-0.242495,0.210993,0.195236,0.392379,0.002794,-0.145692,-0.193572,-0.419670,-0.368682,-0.238980,-0.127377,-0.251303,-0.261625,-0.148129,-0.128962,-0.255149,-0.353700,-0.215455,0.448625,-0.165009,-0.289708,-0.100941,-0.213465,-0.020593,-0.265526,-0.081108,-0.235989,-0.339493,-0.284814,-0.205713,0.076592,-0.330365,-0.229887,-0.249243,-0.217435,-0.329511,0.196139,0.372297,-0.003023,-0.125179,0.123814,0.275621,0.095347,0.278669,0.032098,0.304758,0.462790,0.314697,-0.310177,0.135968,-0.216453,0.235131,-0.479702,-0.301477,-0.201596,-0.223023,-0.196546,0.055170,-0.341577,-0.264393,-0.014882,0.321472,-0.369271,0.079676,-0.383191,0.185713,-0.320907,0.276819,0.141157,0.192582,-0.048587,-0.283707,0.162654,0.237263,0.068746,-0.387367,-0.535927,-0.473681,-0.572730,-0.472968,-0.693016,-0.449071,-0.238728,-0.269892,-0.411335,-0.339610,-0.529916,-0.259451,-0.305360,-0.259546,-0.370042,-0.133536,0.003220,0.021120,-0.238375,0.216868,-0.251124,-0.117235,-0.114311,-0.052905,-0.174485,0.009801,-0.193607,-0.120866,0.160286,-0.366052,-0.424530,0.141589,-0.116384,-0.230797,0.016815,-0.050453,-0.085211,-0.334032,-0.128404,-0.339627,-0.376462,-0.232605,0.005011,-0.293099,-0.121024,-0.166560,-0.550582,-0.055802,-0.259669,0.072939,-0.010988,0.080229,-0.232554,-0.066341,0.447618,0.350985,0.404732,0.313025,0.337738,0.167733,0.293380,0.261765,0.192525,0.224761,0.373125,0.281056,0.082424,-0.130869,0.109503,0.164903,0.261566,0.254829,0.211528,0.053103,0.065874,0.198147,0.124368,0.099100,-0.038829,-0.020637,0.314565,0.319362,0.134209,0.215232,0.389400,0.127860,0.392957,-0.171001,0.112968,-0.022345,0.278797,0.101935,0.165343,0.341112,-0.202244,-0.043092,-0.116866,0.129637,-0.620773,0.371840,-0.216741,0.207300,0.183266,0.222194,0.108792,0.017506,0.056648,-0.046314,0.121138,-0.166628,0.208174,0.124517,0.194563,0.283072,0.094940,-0.128984,0.438784,0.234791,0.326312,0.143310,0.227048,0.292542,0.086501,0.181823,-0.041158,0.131128,0.012928,0.081291,0.317372,0.102447,-0.086994,0.114921,0.230764,0.149527,-0.220536,0.049385,-0.079789,0.160955,0.265807,0.164516,0.023156,-0.035503,0.006312,-0.009117,0.042293,0.000000,0.246137,0.286964,-0.032075,-0.278529,-0.204422,0.136026,0.057555,0.100928,0.265534,-0.006502,0.166381,0.192089,0.288812,0.148102,0.172160,-0.332147,-0.152048,-0.108375,0.337105,0.430243,-0.078965,-0.280500,-0.014898,0.332614,0.162087,0.134298,0.109285,0.398794,-0.064061,0.469953,0.134667,0.162949
0.093083,-0.026245,0.006235,-0.115390,-0.041855,-0.465650,0.014495,-0.122058,-0.128385,0.164176,-0.350987,0.275044,0.107296,0.456000,0.180640,-0.252258,-0.263658,0.043165,0.024706,-0.067105,-0.254388,-0.145204,-0.162390,-0.232690,-0.284583,-0.257728,-0.172306,0.007957,-0.017634,-0.071991,-0.174933,0.258069,-0.095887,-0.176733,-0.121001,-0.331718,-0.357410,-0.082985,-0.113150,-0.014659,-0.046678,-0.096196,-0.200405,-0.110410,-0.160147,-0.201010,0.338850,0.264799,-0.202354,0.012618,-0.073494,0.303836,0.093011,-0.005373,0.581568,0.397665,0.676795,0.449098,-0.013505,0.140105,-0.109118,0.194112,0.074347,-0.192962,-0.090358,0.108180,-0.114037,0.287132,-0.124067,-0.023136,0.138274,0.210419,-0.036345,0.493021,-0.004747,0.041980,-0.482582,0.263443,0.421492,-0.080807,0.099151,0.201900,-0.218953,0.060808,-0.290488,-0.033365,-0.094278,-0.179933,-0.180919,-0.310230,-0.364647,-0.071759,-0.003537,-0.517839,-0.090681,0.084962,-0.106999,0.211447,0.186954,-0.012795,-0.138145,0.294483,0.530728,0.263140,0.093569,-0.084819,-0.259899,-0.054009,-0.089513,-0.059315,0.272100,0.133717,-0.119907,-0.334344,0.375942,-0.169950,0.039791,0.068450,-0.325004,0.096472,0.281558,-0.101910,-0.031428,-0.064170,0.032487,-0.344604,-0.189577,0.220982,0.479334,-0.138861,0.399844,-0.292169,-0.152685,-0.075607,-0.411909,0.125077,0.219868,0.277439,0.352222,0.278068,0.335278,0.482860,0.036036,0.402809,0.138524,0.138026,0.374897,0.162852,0.055516,0.221806,0.236380,0.149595,0.302364,0.236400,0.099613,0.240015,0.344247,0.196687,0.162529,0.182470,0.306073,0.058344,-0.043335,0.295005,0.240692,0.022184,0.068366,0.195823,0.225028,0.260869,-0.000403,0.466744,-0.049377,0.122565,-0.040171,-0.380237,-0.029253,-0.071285,-0.140441,-0.090264,-0.620331,-0.020648,-0.489325,0.265336,-0.472497,-0.087641,0.546400,0.080686,-0.053821,-0.415427,-0.381354,-0.643555,-0.448958,-0.660866,-0.334298,-0.256785,-0.148666,-0.348739,-0.529038,-0.435832,-0.110345,-0.250898,0.170751,0.039566,0.375566,-0.129853,0.312051,-0.051725,-0.106092,0.327173,0.001684,0.048379,0.119098,-0.118744,0.036875,0.284613,-0.160800,-0.069453,0.513718,0.160920,-0.147732,0.212146,0.369810,0.235977,0.407617,0.116069,0.280825,0.246560,0.256273,0.294739,0.337799,0.246137,0.000000,0.085902,-0.111671,0.123389,-0.048261,0.260665,0.231765,0.297515,0.453593,0.275360,-0.121805,-0.226190,-0.040146,-0.178351,0.219413,-0.136814,0.173047,0.171527,-0.171920,0.422099,0.221822,-0.120832,-0.291296,0.144667,0.514118,0.009032,0.053734,-0.020643,-0.368297,0.303748,0.070702,-0.185514
-0.269053,-0.156442,-0.539121,0.311317,0.219674,-0.447106,0.747815,-0.067609,-0.178715,-0.262144,-0.293594,-0.179228,0.225450,0.554609,-0.248754,-0.456061,-0.224881,-0.436720,-0.400801,-0.221514,-0.501993,-0.290275,-0.559578,-0.421883,-0.324919,-0.554560,-0.323022,-0.526754,-0.003047,-0.299382,-0.226153,-0.348708,-0.269840,-0.576906,-0.704466,-0.408970,-0.398818,-0.327503,-0.284511,-0.304044,-0.352245,-0.240216,-0.231174,-0.217101,-0.193599,-0.119872,0.051942,0.012335,-0.264873,0.257094,-0.073961,0.118560,-0.087951,-0.252239,0.191206,0.245863,0.467700,0.299796,0.011168,-0.086522,0.096515,0.182007,-0.297176,-0.199346,-0.189778,-0.282118,-0.462870,0.019708,-0.242556,-0.119895,-0.031113,-0.062798,-0.083571,0.058437,0.290795,-0.505987,0.055972,0.051125,-0.034697,0.590827,0.089965,-0.248307,-0.014028,0.035024,0.034523,-0.292184,-0.303333,-0.172880,-0.138809,-0.143382,-0.323054,-0.159882,0.355517,0.027442,0.048834,-0.201777,-0.143210,-0.213333,-0.481821,-0.071934,0.009786,-0.371054,-0.227103,-0.263589,-0.124133,0.406617,-0.077671,-0.138236,-0.729893,-0.499560,-0.414787,0.515262,-0.197495,0.164377,0.076970,-0.097960,-0.123823,0.086694,-0.358396,-0.106942,-0.002485,0.325866,0.030587,0.208910,0.437078,0.141448,-0.201938,-0.240368,-0.243758,-0.178064,-0.400383,0.004802,-0.211451,-0.069248,0.255166,0.077146,-0.137050,-0.018403,-0.248314,-0.024889,0.061476,0.340593,0.515265,0.360637,0.586196,0.448629,0.296118,0.431059,0.301887,0.371539,0.665504,0.598763,-0.270992,-0.191687,0.272802,0.296218,0.347040,0.565979,0.333142,0.479794,0.282769,0.334506,0.571530,0.003649,0.500709,0.381512,0.510107,0.001656,0.189275,0.526683,0.003950,0.584091,-0.054295,-0.024833,0.328643,0.026237,0.165228,0.429047,0.130531,-0.067988,-0.041481,-0.425435,-0.259557,0.089417,0.008906,0.222710,-0.347864,0.239638,0.170838,0.386104,-0.049534,0.139592,0.440246,0.305972,0.060996,0.160204,0.000193,0.232531,0.026061,0.148177,0.182300,0.199501,0.186855,0.252754,0.438665,0.193602,0.225876,0.316665,0.088161,0.154833,-0.272712,0.052223,0.398138,0.273494,0.180156,0.125885,0.006301,0.337626,0.306164,0.242174,-0.132170,0.414556,-0.128586,0.080812,0.188591,0.415251,-0.814019,-0.082351,-0.235028,-0.283695,0.088969,0.286964,0.085902,0.000000,0.067401,-0.381611,-0.182000,0.104351,0.178908,-0.002626,0.083322,-0.092141,0.268422,0.664982,0.654948,0.409594,0.148515,-0.004418,-0.106932,-0.429367,0.440999,0.056100,0.525822,0.102918,-0.279629,0.387529,-0.068384,0.316225,-0.140241,0.439267,0.065629,0.410172,0.475052,-0.002586
0.494807,0.490869,0.270122,0.103432,-0.248424,-0.401343,-0.336351,0.434545,-0.278659,-0.320699,0.056462,0.310127,0.900423,-0.118753,0.449898,0.231408,-0.246947,-0.413456,-0.497303,-0.461496,-0.149540,-0.119024,-0.365545,-0.256985,-0.172665,-0.194661,-0.068283,-0.371792,0.004450,-0.547646,-0.590366,0.218176,-0.610378,-0.378755,-0.169175,-0.004788,0.036271,-0.044964,-0.452017,-0.426359,-0.164909,-0.390203,-0.160580,-0.418344,-0.329597,-0.246029,-0.006416,0.530593,0.257938,0.080719,0.200314,0.063683,0.168775,0.039779,0.143898,0.374065,-0.222381,0.181620,-0.279950,0.450677,-0.126884,0.715554,0.054724,0.208397,0.016022,0.142870,-0.025016,0.074131,-0.084895,-0.201400,0.023085,0.300944,-0.319819,0.137504,-0.040700,0.134601,-0.245119,0.520222,0.483885,0.280549,-0.097471,-0.000911,0.164793,0.299387,0.303298,-0.376669,-0.436389,-0.334305,0.029926,-0.153116,-0.044856,-0.134747,0.067789,-0.075423,-0.112266,-0.152118,-0.151190,-0.392025,-0.134021,-0.083783,0.047806,0.168350,0.031358,-0.362153,0.223945,0.023506,-0.289163,0.253194,0.010626,0.157759,0.255787,-0.339242,-0.087626,-0.288755,0.654437,-0.305919,-0.101266,0.057852,0.138336,-0.620059,-0.053987,0.141175,1.066008,-0.305287,-0.384271,-0.154028,-0.444751,0.477345,-0.077577,1.054519,-0.144820,0.098283,-0.236176,0.727877,0.176873,0.931912,0.029674,-0.004385,0.245721,-0.502897,0.446654,0.138666,-0.055943,-0.087455,-0.146356,-0.553029,-0.338404,-0.137551,-0.136767,-0.299079,-0.129954,-0.287552,0.237687,0.013676,-0.498342,-0.674664,-0.295894,-0.480951,-0.045399,-0.165767,-0.542859,-0.263419,-0.199437,-0.322528,-0.088291,-0.523330,-0.217980,0.518108,-0.367395,-0.342545,0.463489,0.019743,0.283082,-0.527765,0.510912,-0.584673,0.474021,0.353963,-0.097849,-0.065337,-0.018366,0.416613,0.416567,0.616523,-0.329635,0.470682,-0.262697,0.727640,0.617586,-0.146245,-0.221289,0.161800,-0.068969,0.062423,-0.379817,-0.286896,0.041901,-0.071217,0.161212,-0.177821,-0.268100,-0.603382,0.422671,0.781940,0.128059,0.037382,0.758011,0.042709,-0.001369,0.712788,0.252958,0.357594,-0.463952,-0.084073,0.333540,0.162388,0.216687,0.022638,0.301059,0.589392,0.421655,-0.059819,-0.080673,0.132561,0.061897,-0.272268,-0.209695,-0.060458,0.025162,-0.373035,-0.179658,-0.032075,-0.111671,0.067401,0.000000,-0.037036,0.140207,0.609378,1.344330,0.584676,0.437921,-0.141701,-0.379275,-0.031782,-0.036486,0.048406,0.170344,-0.357634,0.082279,0.088255,0.451531,0.383954,0.033934,-0.088272,-0.329495,0.029367,-0.215963,-0.467918,-0.465391,0.308574,-0.673271,0.061762,-0.241752,-0.426296
-0.150535,-0.195472,0.201938,-0.019406,-0.372059,0.062892,-0.437654,-0.132129,0.113714,0.358730,-0.055974,0.210329,-0.003060,-0.165191,0.453746,0.484481,-0.046847,0.193691,0.133949,0.452839,0.275588,-0.120039,0.403729,0.494056,0.496659,0.271149,0.184690,0.220598,0.107914,0.358418,-0.025824,0.585079,0.258410,0.407918,0.434429,0.244303,0.265918,0.434554,0.021116,0.196721,0.289256,-0.011810,0.094067,-0.026420,-0.117728,-0.175542,0.446964,0.184576,0.539703,-0.073263,0.053996,0.319524,0.459329,0.468546,0.332598,0.370704,0.033191,0.169789,0.202959,0.267980,0.014939,0.323545,0.259633,0.252376,0.377070,0.321241,0.443562,0.846832,0.751955,0.071941,0.152703,0.442724,0.144306,0.111117,-0.256537,0.251170,-0.231782,0.054101,0.086001,-0.523893,-0.234836,0.164445,-0.108049,0.091891,0.114324,-0.076283,0.039353,0.008920,0.033161,-0.052652,0.105980,0.063787,-0.268888,-0.116643,-0.123269,-0.057648,0.130215,0.052293,0.174041,0.014173,-0.007863,0.192403,0.232519,0.266007,0.227730,-0.494349,-0.138159,0.048600,0.353046,0.259494,0.429214,-0.256853,0.068150,-0.076626,0.159822,0.100921,-0.002876,-0.032288,0.087427,-0.007136,-0.017179,-0.042071,0.120196,-0.168129,-0.378317,-0.240702,0.146801,0.282881,0.076754,-0.062833,0.240963,-0.058939,0.017878,0.046852,-0.383665,0.078022,0.090909,0.456501,0.056535,-0.144725,-0.331384,-0.302995,-0.544862,-0.080872,-0.307377,-0.347841,-0.223132,-0.254906,-0.443831,-0.365110,-0.335494,-0.316237,0.251019,0.250010,-0.302426,-0.092585,-0.299316,-0.481276,-0.117360,-0.254497,-0.144600,-0.365442,-0.292653,-0.030400,-0.178668,-0.230330,-0.250148,-0.195591,-0.243051,-0.293805,-0.359467,-0.241917,-0.478135,0.085365,-0.098023,-0.005717,-0.251439,-0.259377,-0.476662,-0.038860,-0.161805,0.143040,0.043788,0.087619,-0.001012,-0.143450,0.553610,-0.134080,0.054403,-0.262829,0.014062,-0.175207,-0.503646,-0.468221,-0.360133,-0.228722,-0.164767,-0.399467,-0.023668,-0.338255,-0.042711,-0.176690,0.054749,-0.147063,-0.126193,-0.095312,0.138279,-0.255425,0.023318,0.127466,0.372986,0.165612,0.083275,-0.000811,-0.011757,0.299997,0.275897,-0.114949,0.240668,0.114061,0.184679,-0.181762,0.044559,-0.042114,-0.163589,-0.073503,0.582337,0.090571,0.321693,0.312988,0.140004,-0.278529,0.123389,-0.381611,-0.037036,0.000000,0.516053,0.549176,0.041058,0.694316,0.282641,0.172746,-0.160748,-0.225551,-0.223834,-0.186825,0.072871,0.193811,0.012444,0.226745,-0.401034,0.114057,-0.178693,0.040967,0.037248,-0.377851,0.152384,-0.160697,0.112832,-0.651477,0.023462,-0.129246,-0.464556,-0.088995
-0.126507,-0.089965,0.024537,-0.371602,-0.656400,0.140103,0.068833,0.190738,0.606430,0.145569,0.237092,-0.095902,-0.028619,-0.349721,0.806247,0.432709,0.149470,0.356422,0.211662,0.152419,0.053110,0.129208,0.222026,0.393330,0.511686,0.121504,0.478361,0.221622,0.139729,0.047050,0.031201,0.701440,-0.011791,0.081055,0.306670,-0.003531,0.352415,0.499385,0.166998,0.171566,0.336064,0.198030,0.507922,0.183270,0.092671,0.099963,0.433543,0.013928,0.535159,-0.205603,0.006984,-0.259586,0.351738,0.449591,0.396841,0.213654,-0.133823,0.193952,0.201081,0.413142,0.509419,0.082799,0.765608,1.133286,1.421138,1.106786,0.691901,0.580022,0.653208,0.633439,1.009101,0.383305,0.605066,-0.360257,0.168181,-0.018575,0.301909,-0.286327,-0.162783,-0.156692,0.237032,0.266105,0.607725,0.090569,0.186130,0.076911,0.243943,0.197880,0.429973,0.327657,0.326423,0.547975,0.165043,0.194746,0.403141,0.073323,0.511077,0.049823,0.241511,0.133919,0.224983,0.169686,-0.021052,0.067262,0.457817,-0.253779,0.287240,0.463735,0.232563,0.279101,0.466128,-0.146980,0.656395,0.456380,-0.036512,0.608913,0.260331,-0.088546,0.103435,0.111982,0.042546,0.049319,0.556107,0.103895,-0.062979,0.169551,0.110847,0.693200,-0.008357,0.221321,0.204560,0.277577,0.427479,0.295404,0.252341,0.233163,-0.000407,0.240765,0.075950,-0.132348,0.007695,-0.355104,-0.273015,-0.299787,-0.279895,-0.457117,-0.531759,-0.287435,-0.420503,-0.442781,-0.053122,-0.238502,0.386996,0.274981,-0.365103,-0.230082,-0.540720,-0.660521,0.013770,-0.074396,-0.255438,-0.330868,-0.174633,-0.072545,-0.162873,-0.295756,-0.289656,-0.165730,-0.471227,-0.230887,-0.454421,-0.099793,-0.313847,-0.005008,-0.480303,-0.376631,-0.373684,-0.262805,-0.622912,-0.346855,0.273861,0.168485,0.057375,-0.086547,-0.016845,-0.489640,0.066137,-0.184379,-0.002212,-0.422625,-0.286363,0.110940,-0.300408,-0.305719,-0.280928,-0.091782,-0.259769,-0.284373,0.084527,-0.329757,-0.694429,-0.305388,-0.022933,-0.201781,-0.595693,-0.589789,-0.028174,-0.704404,-0.499293,-0.031243,0.637620,0.494031,-0.170909,0.017477,0.088730,0.184652,0.727494,0.115041,-0.020382,0.031480,0.516089,0.176424,0.088490,0.340135,0.291274,-0.084853,0.093328,-0.516797,0.990938,0.525785,0.608944,-0.204422,-0.048261,-0.182000,0.140207,0.516053,0.000000,0.411325,0.150261,0.291682,-0.319949,-0.372527,-0.606662,-0.012233,0.051967,0.067385,-0.105125,0.245286,-0.036135,0.613267,-0.407771,-0.136100,-0.512676,0.419868,-0.334402,-0.653908,-0.114179,-0.696404,-0.359027,-0.399019,-0.289005,-0.505414,-0.518058,-0.649468
0.190445,0.177679,0.122272,-0.047592,-0.394545,-0.637824,-0.319125,0.317443,-0.158527,-0.047631,-0.229695,0.529644,0.653513,0.170305,0.855037,0.201549,-0.367258,-0.300319,-0.498017,-0.274137,-0.178089,-0.269331,-0.267055,0.040562,-0.077467,-0.203030,-0.064676,-0.270437,0.300497,-0.375889,-0.672207,0.421401,-0.426017,-0.244482,-0.149246,-0.113258,0.002296,-0.108171,-0.384729,-0.260938,0.087466,-0.469016,-0.184063,-0.504570,-0.568623,-0.556805,0.655190,0.634229,0.286056,-0.044236,-0.036701,0.407284,0.388064,0.411105,0.567244,1.036419,0.332696,0.788236,-0.010089,0.784988,0.139881,1.144358,0.121929,0.298831,0.260809,0.453279,0.155707,1.037624,0.239445,-0.200580,0.315918,0.706455,-0.076441,0.288944,-0.122716,0.074919,-0.353830,0.500435,0.554314,-0.033341,0.017425,0.156111,0.126555,0.485273,0.259787,-0.373421,-0.383755,-0.358949,-0.152837,-0.285360,-0.174162,-0.065790,-0.105265,-0.450542,-0.146794,-0.202004,-0.173617,-0.157941,-0.039972,-0.004320,-0.097700,0.093584,0.407223,0.115986,0.199068,-0.133304,-0.466891,0.053054,-0.083555,-0.013937,0.456225,-0.223471,-0.166751,-0.331574,0.732868,-0.134254,-0.133914,0.115653,-0.207029,-0.435913,-0.042008,-0.094296,0.687819,-0.316287,-0.519976,-0.240002,-0.195305,0.613505,0.072837,0.413715,0.099476,-0.090761,-0.332933,0.251766,-0.198443,0.443713,0.234935,0.645886,0.297038,-0.497136,0.240978,0.134882,-0.151847,0.059009,-0.027894,-0.364829,-0.162675,-0.006736,-0.189020,-0.292932,0.039776,-0.046617,0.399110,0.042777,-0.329424,-0.265039,-0.193976,-0.371384,0.056784,-0.001777,-0.117588,-0.133565,-0.111490,-0.130094,-0.056907,-0.438294,-0.038138,0.073582,-0.225667,-0.131179,0.124828,0.025923,-0.032417,-0.254611,0.068546,-0.579092,0.183936,0.119089,-0.653303,-0.148144,-0.131782,0.293279,0.286042,0.799254,-0.452681,0.159923,0.079032,0.499532,0.418899,-0.506633,-0.449283,-0.323259,-0.550062,-0.592530,-0.548988,-0.483985,-0.142267,-0.321794,-0.203351,-0.518445,-0.388588,-0.733699,0.570730,0.424321,0.192534,-0.164722,0.728546,-0.087631,-0.055250,0.781361,0.442575,0.464081,-0.103759,0.087064,0.288222,0.513340,0.528559,-0.062098,0.820359,0.731201,0.058234,-0.031663,0.085052,0.471703,0.239558,0.004256,0.153842,-0.111947,0.474643,-0.013437,0.311999,0.136026,0.260665,0.104351,0.609378,0.549176,0.411325,0.000000,0.782047,1.327303,0.791583,0.184703,-0.422584,0.088468,0.235376,0.016012,0.505856,-0.335729,0.052401,0.331464,0.130747,0.481602,0.021518,-0.028658,-0.610869,-0.161841,-0.030244,-0.345821,-0.442814,-0.090448,-0.633686,0.116839,-0.418444,-0.553376
0.469648,0.405472,0.121392,0.104854,-0.198589,-0.591121,-0.303079,0.507890,-0.323327,-0.473046,-0.221268,0.465956,1.020200,0.140160,0.424775,0.036090,-0.439535,-0.469507,-0.592996,-0.608056,-0.318013,-0.356691,-0.533455,-0.450162,-0.289472,-0.400377,-0.196263,-0.472252,-0.024091,-0.542315,-0.776332,0.238362,-0.691405,-0.577331,-0.340808,-0.230382,-0.201405,-0.171194,-0.565024,-0.546979,-0.306244,-0.522611,-0.315434,-0.546109,-0.482522,-0.408194,0.020862,0.701939,0.104412,0.019517,0.006554,0.215247,0.153934,-0.004667,0.226110,0.568850,0.044364,0.355751,-0.248091,0.524935,-0.112556,0.877666,0.116956,0.109233,-0.019919,0.211789,-0.037506,0.278752,-0.187643,-0.300996,0.064839,0.369780,-0.218489,0.283052,-0.062238,0.123242,-0.487267,0.856267,0.781519,0.115933,0.020431,0.059945,0.118132,0.529755,0.200075,-0.338113,-0.511499,-0.475158,-0.105427,-0.373670,-0.239059,-0.225309,-0.065278,-0.231569,-0.248207,-0.085150,-0.265150,-0.177555,-0.093332,-0.043596,-0.137198,0.259582,0.272601,-0.109709,0.128592,0.067438,-0.484331,0.109201,-0.116368,0.016609,0.312885,-0.119889,-0.211408,-0.286638,0.872641,-0.247239,-0.099356,0.313887,-0.032240,-0.514655,0.025433,0.072610,0.930805,-0.409672,-0.386578,-0.401582,-0.417935,0.582693,0.118626,0.784326,0.066044,-0.106392,-0.307846,0.846484,-0.047212,0.969766,0.279541,0.211060,0.319346,-0.528417,0.600832,0.301837,-0.101773,0.105771,-0.107885,-0.502694,-0.146798,-0.108036,-0.045029,-0.252188,0.020886,-0.238348,0.449454,0.026654,-0.380412,-0.457409,-0.113873,-0.354227,-0.023919,-0.154738,-0.272554,-0.168032,-0.267486,-0.134224,-0.022659,-0.573687,-0.161932,0.500320,-0.186072,-0.263046,0.482173,0.206724,0.345634,-0.288356,0.490800,-0.929986,0.618551,0.293846,-0.265828,-0.023175,-0.171337,0.254870,0.309912,0.878665,-0.521841,0.380489,-0.041652,0.627844,0.551068,-0.281426,-0.373547,0.001553,-0.312859,-0.225578,-0.396966,-0.213042,0.165957,-0.111915,-0.047803,-0.200157,-0.194346,-0.628527,0.567885,0.877834,0.278601,0.075011,1.036979,0.100418,0.000532,0.985974,0.184864,0.322087,-0.344681,0.089593,0.372864,0.217346,0.127951,0.198957,0.652464,0.637680,0.435162,-0.084684,0.110217,0.221740,0.058886,-0.164624,-0.123109,0.075463,0.135866,-0.290796,0.024054,0.057555,0.231765,0.178908,1.344330,0.041058,0.150261,0.782047,0.000000,0.717733,0.636703,0.063835,-0.400823,-0.093991,0.074277,0.049560,0.269853,-0.507336,0.164353,0.214564,0.338736,0.574806,0.083122,-0.161462,-0.613362,0.032323,0.062243,-0.420864,-0.497269,0.285044,-0.877689,0.269137,-0.234973,-0.500632
0.087760,0.108617,0.217487,0.093994,-0.234465,-0.570544,-0.448613,0.166476,-0.415906,0.086212,-0.203549,0.525961,0.806956,0.244951,0.629139,0.294876,-0.567532,-0.379868,-0.504627,-0.126678,-0.185150,-0.448270,-0.186638,0.023849,-0.068703,-0.252612,-0.298220,-0.343691,0.242119,-0.168548,-0.767839,0.528221,-0.271902,-0.102823,-0.114085,-0.058913,-0.115544,-0.084301,-0.591011,-0.383132,-0.023450,-0.584687,-0.356757,-0.623826,-0.631390,-0.743129,0.578796,0.910715,0.502895,0.201693,0.158906,0.609967,0.666617,0.458922,0.647243,1.121519,0.242794,0.632040,0.051708,0.782443,-0.136587,1.469477,0.071308,0.075205,0.074767,0.230758,0.014308,0.906670,0.246508,-0.342234,0.078009,0.969480,-0.290738,0.524149,-0.332710,0.293738,-0.495519,0.528434,0.389003,0.099805,-0.327061,-0.153520,-0.118527,0.388840,0.080537,-0.694533,-0.536045,-0.524386,-0.315266,-0.454897,-0.299485,-0.285413,-0.123437,-0.331921,-0.310423,-0.536299,-0.279690,-0.436288,-0.252989,-0.346541,-0.263521,-0.052891,0.181613,-0.070464,0.161217,-0.403112,-0.459188,0.063561,0.109691,0.204519,0.366894,-0.429864,-0.178624,-0.374966,0.954039,-0.394000,-0.420243,0.091318,-0.109690,-0.554913,-0.123071,0.060044,0.533352,-0.321805,-0.528559,-0.374537,-0.456780,0.329524,-0.135835,0.183600,-0.059368,-0.252223,-0.518232,0.289674,-0.409685,0.558970,-0.035538,0.555261,0.043125,-0.345701,0.111977,0.235131,-0.112221,0.304506,0.033123,-0.304450,0.015600,0.057590,-0.189305,-0.082156,0.089919,-0.071358,0.355391,0.258060,-0.263581,-0.103993,-0.035226,-0.323653,0.148896,0.050032,-0.110142,-0.189917,-0.081057,-0.159990,-0.009310,-0.269621,0.021353,0.130808,-0.121441,-0.082248,0.071201,0.016432,-0.162235,-0.405475,0.284704,-0.372967,0.168875,0.223790,-0.376136,0.055011,-0.417244,0.447046,0.093192,0.535946,-0.574420,0.286659,0.080794,0.620082,0.538646,-0.251039,-0.170488,-0.199016,-0.330919,-0.386434,-0.801823,-0.648568,-0.073556,-0.429447,0.027349,-0.432984,-0.106002,-0.591930,0.810739,0.430082,0.437933,0.099436,0.961340,0.068532,0.173578,0.689177,0.385408,0.467443,0.045675,0.074849,0.484090,0.774621,0.364362,0.018650,0.862099,0.977267,0.167525,-0.026154,-0.021324,0.091237,0.156081,-0.040772,0.216565,0.067791,0.239460,-0.072409,0.043916,0.100928,0.297515,-0.002626,0.584676,0.694316,0.291682,1.327303,0.717733,0.000000,0.947302,0.003966,-0.386058,-0.073429,-0.059188,-0.096887,0.454891,-0.298567,-0.097951,0.096865,0.288409,0.787924,0.131117,-0.155851,-0.332045,0.094153,0.162251,-0.203954,-0.079247,0.086430,-0.374059,0.286352,-0.216797,-0.222634
0.336598,0.303467,0.269617,0.211087,0.109387,-0.829870,-0.577105,0.103147,-0.814396,-0.055318,-0.392686,0.751040,0.711788,0.509777,0.205978,-0.029006,-0.638828,-0.577318,-0.666477,-0.389441,-0.217218,-0.480328,-0.402546,-0.286593,-0.407849,-0.317167,-0.527930,-0.448583,0.164992,-0.341924,-0.774821,0.126546,-0.443490,-0.187515,-0.240252,-0.083035,-0.317250,-0.395597,-0.648867,-0.451677,-0.199555,-0.754307,-0.649996,-0.755096,-0.733135,-0.789030,0.268795,0.865957,0.048279,0.185868,0.086675,0.853282,0.291982,0.157546,0.273977,0.823106,0.442255,0.599218,-0.147230,0.507881,-0.449296,1.114880,-0.345829,-0.466577,-0.521116,-0.247054,-0.303555,0.428030,-0.221140,-0.838861,-0.344590,0.499032,-0.663846,0.720441,-0.477415,0.301001,-0.867750,0.920461,0.699727,-0.002409,-0.363442,-0.143105,-0.399934,0.416727,0.045463,-0.614363,-0.718785,-0.692475,-0.627327,-0.743653,-0.533996,-0.617760,-0.374498,-0.675954,-0.643468,-0.371287,-0.617530,-0.280291,-0.220454,-0.289254,-0.374089,0.009990,0.409557,0.053245,-0.089196,-0.075377,-0.744305,-0.207375,-0.053749,0.005757,0.209317,-0.233067,-0.600891,-0.816417,1.007332,-0.784997,-0.468717,0.160842,-0.228898,-0.634542,-0.016945,-0.045397,0.178808,-0.538122,-0.581581,-0.607541,-0.482730,0.100476,0.100635,0.151249,0.052082,-0.460119,-0.878137,0.094821,-0.706238,0.300119,0.152074,0.458483,0.162517,-0.301652,0.224553,0.448089,-0.062240,0.355575,0.092899,-0.130474,0.249220,0.130076,0.019523,0.055236,0.006980,-0.006843,0.183378,-0.002696,-0.119380,-0.082367,0.198655,-0.004186,0.025180,-0.035155,0.008318,-0.008497,-0.124668,-0.092678,-0.002608,-0.243343,0.083858,0.316902,0.100891,-0.047020,0.462048,0.073833,0.127716,-0.277295,0.521584,-0.330975,0.496515,0.296169,-0.162086,0.227271,-0.591818,0.238596,0.112620,0.785203,-0.609172,0.521469,0.232200,0.674467,0.539922,-0.192339,-0.225556,-0.434420,-0.376209,-0.439418,-0.523270,-0.531067,0.108049,-0.284599,-0.262653,-0.282087,0.133615,-0.470197,0.724098,0.659356,0.774495,0.376483,1.000323,0.416719,0.444820,0.843824,0.054832,0.159905,0.063681,0.040245,0.354046,0.442388,0.026118,-0.170674,0.917232,0.810338,-0.183068,-0.232040,-0.021210,0.020543,-0.067062,-0.024156,0.253172,0.379644,-0.121778,-0.262944,-0.199362,0.265534,0.453593,0.083322,0.437921,0.282641,-0.319949,0.791583,0.636703,0.947302,0.000000,0.436897,-0.055941,-0.125344,-0.081148,-0.081217,0.547444,-0.670272,0.083881,-0.058945,0.385052,0.825619,0.336988,-0.530204,-0.251749,0.305513,0.230389,0.075944,-0.117674,0.143862,-0.364679,0.549130,-0.071437,-0.009298
0.196892,-0.022949,-0.051604,0.152610,0.116586,-0.259420,-0.351813,0.198536,-0.092399,-0.220789,-0.576778,0.362434,-0.014567,0.203398,-0.048019,-0.311914,0.097276,-0.020783,-0.034547,-0.135660,-0.023899,0.053295,-0.054648,-0.087849,-0.249651,0.032328,-0.031452,0.130353,-0.026417,-0.017186,0.073892,-0.245349,-0.040474,-0.049212,0.033232,-0.144958,-0.138851,-0.190307,0.179169,0.126300,-0.071219,0.039341,-0.148219,0.012045,-0.055321,-0.019411,0.022454,-0.012450,-0.485164,-0.313179,-0.427087,0.296821,-0.356957,-0.223607,-0.298011,-0.022041,0.365630,0.230181,-0.155973,-0.101289,0.098869,0.039380,-0.053122,-0.216037,-0.236806,-0.013691,-0.040658,0.212753,-0.212906,-0.258815,-0.151982,-0.274313,0.050304,0.171184,-0.065843,-0.054971,-0.484447,0.423791,0.792164,-0.739560,0.350012,0.506511,-0.242238,0.360006,0.039977,0.322512,-0.043027,-0.115982,-0.227884,-0.323522,-0.211170,-0.173042,-0.564191,-0.726089,-0.345488,0.409915,-0.351532,0.588301,0.260467,0.512455,-0.230761,0.303847,1.087422,0.627253,-0.422179,0.235959,-0.678973,-0.748360,-0.303343,-0.581895,-0.039479,0.212560,-0.819972,-0.568983,0.000636,-0.065617,0.228476,0.412826,-0.137254,0.133171,-0.106958,-0.725900,-0.272205,-0.366192,-0.198481,-0.320819,0.514900,0.065383,0.607354,0.123729,0.467365,-0.296365,-0.173172,-0.260542,-0.483250,-0.228518,1.066333,0.353454,0.398044,-0.252435,0.051688,0.093811,-0.314166,-0.049914,-0.111064,0.034198,0.177097,-0.070671,0.257939,-0.126245,-0.220004,-0.006853,0.133046,-0.443122,0.171519,-0.035322,0.177577,0.162691,-0.219466,-0.267750,0.265379,0.305075,-0.239714,0.323599,0.054318,-0.164296,-0.028038,-0.026598,0.320140,-0.082025,0.356641,0.058581,0.334369,0.622445,0.025422,-0.022023,0.291689,-0.243298,-0.156903,0.015835,-0.137386,-0.341431,0.424695,0.705867,0.069481,0.174922,0.722667,-0.057364,-0.246592,-0.377659,-0.174127,-0.720811,-0.733497,-0.590888,0.266156,0.009161,0.128951,0.126131,-0.624281,-0.115223,0.023637,-0.054877,-0.106889,0.086756,0.088161,0.038296,-0.023954,0.177679,0.091069,0.330410,-0.278536,-0.597338,-0.067248,0.091765,-0.538510,-0.279540,-0.224080,-0.328473,0.160836,-0.156269,-0.537805,-0.454170,0.520664,0.346226,-0.240736,0.025252,0.334367,0.501317,-0.074820,-0.041514,0.118608,-0.006502,0.275360,-0.092141,-0.141701,0.172746,-0.372527,0.184703,0.063835,0.003966,0.436897,0.000000,0.246251,-0.113031,0.164546,-0.036681,0.246978,-0.237874,0.162568,0.182737,-0.246646,0.020809,0.193225,-0.201921,-0.133801,-0.079542,0.191037,0.323080,-0.084180,-0.350243,-0.139839,0.259032,-0.064736,0.084954
-0.193343,-0.351800,0.011152,0.254238,0.449514,0.184729,0.222534,-0.454063,-0.109221,0.143248,-0.385508,-0.076307,-0.407614,0.116073,-0.628043,-0.187604,0.126363,-0.089472,0.095602,0.272757,0.252348,-0.015247,0.121616,0.082125,0.173174,0.147594,-0.134658,-0.021912,0.163239,0.339612,0.247178,-0.231345,0.191273,0.223304,0.041976,0.279542,-0.062497,0.049042,0.105465,0.200097,0.151978,0.134594,0.077300,0.216139,0.266406,0.159108,-0.141290,-0.237828,-0.089667,-0.137403,0.095988,0.254008,-0.085006,-0.093670,-0.247777,-0.281000,0.203326,-0.252977,-0.295099,-0.548429,-0.337386,-0.338573,-0.672844,-0.499138,-0.385358,-0.672367,-0.286973,-0.171032,-0.038183,-0.119238,-0.558867,-0.289336,-0.107785,0.068599,0.084081,0.107830,-0.211100,-0.163631,-0.203303,-0.090714,-0.221577,-0.075228,-0.175089,-0.205374,0.158090,0.047503,0.012656,0.126190,-0.064320,-0.047260,-0.211412,-0.172268,-0.122719,-0.054108,-0.149622,0.102105,-0.022399,-0.079889,-0.026211,-0.045047,0.140054,-0.159457,-0.137759,-0.041228,-0.101993,-0.054100,0.029763,-0.200340,0.048778,-0.145645,-0.390276,0.074724,-0.249514,-0.202587,-0.438840,-0.024236,-0.044408,-0.063339,0.132531,0.161018,-0.138261,0.071185,-0.687105,-0.063440,0.271673,-0.028678,0.143775,-0.518509,0.012778,-0.440556,-0.299088,0.249332,-0.017777,-0.318375,-0.042129,-0.138054,-0.124552,-0.492041,-0.250945,0.360534,-0.310571,0.015859,0.088124,0.225084,0.115632,0.434437,0.309312,0.186401,0.345736,0.375270,-0.024440,0.150458,-0.291990,0.039547,0.457402,0.277792,0.318846,0.476452,-0.125581,-0.075035,0.150634,0.315565,0.167248,0.427026,0.205165,0.315324,0.143219,0.092606,0.318440,0.210951,0.042432,0.146878,0.035629,0.099193,0.374722,0.526084,-0.122739,-0.255934,0.517576,0.199357,-0.012453,-0.280465,-0.078774,-0.278471,0.251030,0.423019,-0.016137,-0.380300,-0.227920,0.434745,0.255627,0.002849,0.250549,0.402183,0.213745,0.164835,0.029843,-0.000872,0.164370,0.251303,0.422241,0.177493,-0.206404,-0.283433,0.289064,0.338934,-0.330850,0.183003,0.219908,-0.103691,-0.545578,-0.338880,0.246162,0.031718,-0.137921,-0.370957,-0.502947,-0.058481,-0.303496,-0.402743,-0.291955,-0.278351,-0.157977,-0.284890,-0.363043,0.031954,-0.089022,0.381662,-0.544949,-0.060014,-0.210475,0.166381,-0.121805,0.268422,-0.379275,-0.160748,-0.606662,-0.422584,-0.400823,-0.386058,-0.055941,0.246251,0.000000,0.166139,0.036022,-0.121675,-0.083304,0.275116,-0.201206,-0.516637,-0.034598,-0.148430,0.225073,0.053592,0.580623,0.311217,0.259726,0.677803,0.395450,0.000505,0.387754,0.297055,0.406639,0.787982
-0.327710,-0.263851,-0.622722,0.192851,0.159897,-0.101457,0.622775,0.076886,-0.016837,-0.173847,-0.010883,-0.471684,-0.009723,0.323269,-0.213979,0.015338,-0.118489,-0.397564,-0.330286,-0.026021,0.010649,-0.141793,-0.469648,-0.033871,0.073844,-0.080012,-0.058623,-0.321599,0.292950,0.087750,-0.123826,-0.298008,-0.031485,-0.309312,-0.599755,0.072105,-0.090198,-0.208900,-0.181249,-0.256489,0.076989,-0.210901,-0.143589,-0.148171,-0.202278,-0.007618,0.252141,-0.063914,0.039565,0.146057,-0.176325,0.088107,0.147923,0.132066,-0.015055,0.188320,0.214271,0.261867,0.041686,0.009033,0.174861,0.034476,0.024816,0.028635,0.050988,-0.049333,-0.175299,0.000754,0.059981,-0.001430,0.250165,0.027570,-0.087853,-0.000854,0.308323,-0.672775,0.332620,-0.099960,-0.137390,0.404511,0.034187,-0.054607,0.229071,-0.109792,0.160894,-0.071505,-0.066689,0.019820,-0.009438,0.083865,-0.077859,-0.016616,0.281438,0.052552,0.155062,-0.174319,-0.050463,-0.149516,-0.429937,-0.075845,0.014799,-0.270343,-0.259437,-0.257049,-0.148761,0.246186,0.018609,-0.145683,-0.642953,-0.485875,-0.373388,0.322923,-0.031670,0.232337,-0.115591,0.028397,0.065600,0.000843,-0.118814,0.126725,-0.313000,0.009813,0.088836,0.287773,0.349023,0.354472,0.112484,-0.230686,-0.299145,-0.183090,-0.245009,0.191545,-0.077642,-0.209452,0.359508,-0.120596,-0.102775,-0.056100,-0.222500,0.006876,-0.008590,0.305485,0.554380,0.191475,0.705735,0.616026,0.221639,0.494811,0.232360,0.296158,0.585190,0.667227,-0.139276,-0.205269,0.273658,0.270446,0.217800,0.491205,0.431200,0.497438,0.154313,0.435149,0.719563,-0.002993,0.482642,0.556466,0.576034,-0.205637,0.153676,0.572039,-0.162583,0.480867,-0.215102,0.001360,0.051322,0.246053,-0.076785,0.079613,0.030474,-0.297777,0.048153,-0.553920,-0.025800,0.011961,0.131167,0.050358,-0.359407,-0.002833,-0.170253,0.231664,0.062502,0.058066,0.312869,0.343788,0.150929,0.214266,-0.163443,0.239371,0.076126,0.019369,0.002692,0.191752,0.025047,-0.086547,0.073445,-0.023220,-0.063599,0.089563,-0.052646,-0.058485,-0.207166,-0.003587,0.277131,0.182095,-0.053052,0.202281,-0.019814,0.104873,0.046490,0.063549,-0.316325,0.075886,-0.289604,-0.041129,0.152392,-0.000154,-0.505740,-0.309605,-0.008308,-0.034657,0.386267,0.192089,-0.226190,0.664982,-0.031782,-0.225551,-0.012233,0.088468,-0.093991,-0.073429,-0.125344,-0.113031,0.166139,0.000000,0.475982,0.451713,-0.107486,0.185477,-0.311877,-0.286077,0.175352,-0.272014,0.202880,0.246981,0.046813,0.205570,-0.244657,0.484274,-0.144311,0.342837,0.108265,0.159141,0.265971,0.054619
-0.035691,0.024837,-0.546078,0.047563,0.064144,-0.350964,0.350151,0.173637,0.088426,-0.349052,-0.360279,0.031486,0.140031,0.198828,-0.066168,-0.603745,0.017029,-0.167655,-0.250765,-0.205757,-0.396377,-0.084714,-0.337704,-0.270471,-0.324324,-0.337225,-0.060862,-0.187623,-0.045423,-0.389277,-0.084479,-0.350589,-0.075545,-0.586057,-0.455297,-0.479429,-0.162520,-0.282545,0.024419,-0.036581,-0.259874,-0.072298,-0.080756,-0.083067,-0.093446,-0.068392,0.060820,-0.200011,-0.516394,-0.215498,-0.492209,-0.191880,-0.412302,-0.252531,-0.071361,0.074881,0.333843,0.233445,-0.040200,-0.098476,0.522591,0.015816,-0.090503,0.104966,0.127396,0.147872,-0.009952,0.174276,-0.177934,0.023949,0.244036,-0.085729,0.278123,-0.178490,0.158464,-0.427508,0.039336,0.013025,0.217009,0.127321,0.553055,0.088419,0.193742,0.291252,-0.022413,0.119123,-0.106933,-0.061511,-0.109792,-0.080955,-0.171542,0.001608,0.154016,-0.047961,0.042688,0.144245,-0.155718,0.293414,-0.062336,0.328048,-0.023784,-0.014340,0.128525,0.316047,-0.267926,0.597723,-0.157525,-0.255428,-0.666902,-0.603101,-0.200473,0.592766,-0.238298,0.229418,-0.117691,0.179214,0.043557,0.337033,-0.415498,0.051078,0.128784,-0.080869,0.045751,0.136036,0.220215,0.065388,0.175800,-0.015275,0.030545,-0.027123,0.016696,-0.058326,-0.028419,-0.004887,0.238501,-0.002112,0.365611,0.288166,0.026459,-0.354228,0.247750,-0.009818,0.257745,0.061607,0.243183,0.204813,0.058934,0.199794,0.170272,-0.043801,0.414664,0.365147,-0.082057,-0.464962,0.107379,0.171328,0.050140,0.215520,0.143237,0.135885,0.338536,0.224909,0.207859,0.045463,0.116807,0.016085,0.327466,-0.163093,0.121556,0.260921,0.065764,0.174536,0.232876,0.299969,-0.154603,-0.093655,0.209141,0.228997,-0.323555,-0.056483,0.252560,-0.351788,0.053335,0.258112,-0.063276,-0.046351,-0.175583,0.038533,-0.066036,0.050319,-0.120435,0.011314,0.073340,-0.064485,0.395232,0.291693,0.149937,0.365932,-0.175958,0.197440,-0.034421,0.101673,0.046947,0.220495,-0.024830,-0.079892,-0.029951,0.047435,-0.211677,0.051876,-0.173801,-0.064071,0.105686,0.385757,-0.040653,-0.127374,0.150529,0.336829,0.278049,-0.063248,-0.162851,0.237365,0.235417,0.575156,0.185338,0.441950,-0.557279,-0.293131,0.144555,-0.244419,0.378937,0.288812,-0.040146,0.654948,-0.036486,-0.223834,0.051967,0.235376,0.074277,-0.059188,-0.081148,0.164546,0.036022,0.475982,0.000000,0.431954,0.220697,-0.170482,0.137177,0.120736,0.223140,-0.051590,0.161228,0.199177,-0.501011,-0.008659,-0.193135,0.031765,-0.161583,0.114019,0.004891,0.147830,0.103460,-0.267601
0.030483,0.219332,-0.336600,0.289300,0.106696,-0.397486,0.020107,0.472748,-0.133733,-0.376248,0.030789,-0.125135,0.257189,0.058253,-0.151818,-0.030669,0.045701,-0.358155,-0.332823,-0.247092,-0.125054,-0.094033,-0.373050,-0.214481,-0.091600,-0.184171,-0.055480,-0.397379,0.086352,-0.167238,-0.103523,-0.494853,-0.173395,-0.398404,-0.279070,-0.076778,-0.013218,-0.152255,-0.128485,-0.190280,-0.141730,-0.104195,0.027829,-0.008206,-0.023864,0.005407,-0.032853,-0.022474,-0.088776,0.156565,0.030128,-0.034002,-0.189249,0.030435,-0.301720,0.114962,0.032733,0.303791,0.186375,0.162848,0.083126,0.116179,0.144091,0.032405,-0.042041,0.004685,-0.095350,-0.048531,-0.262115,-0.042740,0.221620,-0.044867,-0.145468,-0.400419,-0.188693,-0.336337,0.154562,0.028801,-0.034285,0.122518,0.021723,-0.277123,0.094038,0.449294,-0.009433,-0.248264,-0.357009,-0.390199,-0.399008,-0.319874,-0.313714,-0.272241,-0.219791,0.147182,-0.243834,-0.218930,-0.299169,-0.063913,-0.475296,-0.012293,-0.335964,-0.144679,-0.209946,-0.183401,-0.466057,0.549177,-0.126155,-0.340025,-0.425960,-0.244977,-0.304587,0.378001,-0.194913,0.314390,-0.104146,-0.149961,-0.207296,0.464030,-0.093370,-0.210629,-0.271347,0.045525,0.182825,-0.207925,-0.088986,-0.136536,-0.039234,-0.114198,-0.292413,0.003025,0.081706,-0.208345,-0.263221,-0.000874,0.015917,-0.120306,0.155180,0.138388,-0.368706,-0.367123,0.146773,0.175339,0.085310,-0.130957,0.135016,0.080469,-0.077792,-0.067765,0.336404,-0.018913,0.266884,0.138375,-0.273144,-0.665767,0.116310,-0.063806,0.022919,0.266141,0.063810,-0.059961,0.149042,0.298604,0.020753,-0.333661,0.152341,0.047563,0.178737,-0.103576,0.050448,0.034112,0.301027,0.099973,0.255841,0.139688,-0.022139,-0.008624,0.425629,0.399128,-0.106371,0.133048,0.170101,-0.347484,0.080078,0.095428,-0.053502,-0.078689,-0.158256,0.217111,0.218329,0.240214,0.177026,0.420950,0.212640,0.137337,0.419772,0.219695,0.351885,0.618279,0.101925,0.302416,0.158805,0.390054,0.272744,0.335181,-0.080985,0.257286,0.065126,0.313998,0.168559,-0.017340,-0.066066,-0.067701,0.199288,0.428030,0.099992,-0.011527,0.337735,0.256860,0.020083,0.133687,0.073880,-0.099792,-0.265258,-0.029394,-0.169217,0.116167,-0.548788,-0.335606,-0.002778,-0.013714,0.150610,0.148102,-0.178351,0.409594,0.048406,-0.186825,0.067385,0.016012,0.049560,-0.096887,-0.081217,-0.036681,-0.121675,0.451713,0.431954,0.000000,-0.192763,-0.263134,-0.063957,-0.003573,0.250163,-0.214579,-0.142843,-0.211681,-0.153622,-0.046494,-0.417354,0.079886,-0.303721,0.170358,0.185820,0.046764,-0.015631,-0.111797
0.016155,0.020912,0.362122,0.029412,0.234437,-0.399247,-0.192261,0.161518,-0.390750,0.033112,-0.433571,0.691189,0.389365,0.383000,0.220701,-0.342067,-0.631681,-0.428391,-0.640991,-0.204698,-0.560587,-0.425001,-0.428246,-0.050160,-0.532804,-0.476892,-0.379165,-0.543434,0.232512,-0.353193,-0.697445,-0.097162,-0.164556,-0.330277,-0.407548,-0.349551,-0.379043,-0.690462,-0.506153,-0.510472,-0.247163,-0.499893,-0.504878,-0.711682,-0.682501,-0.862732,0.413441,0.472830,-0.218342,-0.053739,-0.067623,0.400455,-0.022346,0.004125,0.329759,0.337888,0.364229,0.491552,0.157533,0.459685,0.179410,0.543284,-0.236820,-0.062530,-0.197978,-0.012510,-0.537075,0.441019,-0.244982,-0.593887,-0.193951,0.336605,-0.194396,0.351983,-0.205691,0.276914,-0.133925,0.250393,0.202182,0.086029,0.043330,-0.113244,-0.196148,0.386171,0.179965,-0.364149,-0.497121,-0.489592,-0.415921,-0.477098,-0.177447,-0.291892,-0.138811,-0.663915,-0.314432,-0.249141,-0.472680,-0.137624,-0.150842,-0.152075,-0.251527,-0.201898,0.198456,0.232675,-0.071673,0.025760,-0.542110,-0.156103,0.014147,-0.007153,0.044184,-0.191055,-0.274225,-0.481906,0.316731,-0.244127,-0.468469,0.174516,-0.246941,-0.609470,-0.022091,-0.047551,-0.060659,-0.246666,-0.416368,-0.182159,-0.211774,0.134414,-0.237176,0.070184,-0.258101,-0.241758,-0.486949,-0.087413,-0.378757,-0.077011,0.034365,0.487025,-0.023395,-0.200115,-0.034534,0.209634,0.214721,0.417024,0.358333,0.068081,0.343114,0.514939,0.154617,0.295886,0.243351,0.394965,0.205006,0.149873,0.208807,0.265998,0.378900,0.083396,0.353949,0.329901,0.337792,0.287091,0.266240,-0.032840,0.152628,-0.061761,0.498964,-0.020929,0.377384,0.309303,0.138528,-0.113774,0.194722,-0.112980,0.152154,-0.210896,0.141827,0.289077,-0.178517,0.262892,-0.105010,0.343977,0.240180,0.335310,-0.323606,0.293588,-0.068157,0.560920,0.357427,-0.149499,-0.346753,-0.374399,-0.216549,-0.371619,-0.302482,-0.199249,0.226801,-0.253230,-0.253291,-0.116549,-0.118665,-0.239726,0.445944,0.326728,0.453799,0.161749,0.449944,0.420707,0.418890,0.667173,0.424466,0.145834,0.301197,0.215975,0.327092,0.418069,0.232905,0.029994,0.574946,0.623839,-0.280003,-0.067016,-0.000935,0.356167,0.047053,0.383603,-0.027130,0.388912,0.228820,-0.323372,-0.054363,0.172160,0.219413,0.148515,0.170344,0.072871,-0.105125,0.505856,0.269853,0.454891,0.547444,0.246978,-0.083304,-0.107486,0.220697,-0.192763,0.000000,-0.362634,-0.080238,0.208890,0.436434,0.729123,0.317567,-0.115123,-0.551849,0.348959,0.076754,-0.052225,-0.050109,0.190687,-0.226689,0.300216,0.077065,-0.031049
-0.514027,-0.719686,-0.150141,0.016964,-0.335215,0.656083,0.564994,-0.450372,0.704273,0.483462,0.301313,-0.627864,-0.680037,-0.358803,0.017240,0.338230,0.558997,0.546789,0.672336,0.897403,0.377673,0.426973,0.544726,0.519702,0.620021,0.451771,0.512132,0.537746,-0.122202,0.678861,0.707285,0.194725,0.553335,0.344018,0.356065,0.280868,0.330287,0.607826,0.513972,0.521042,0.365308,0.594373,0.574059,0.547184,0.487718,0.590751,0.132607,-0.517304,0.263796,0.016099,0.032166,-0.193181,0.173035,0.060116,0.176497,-0.318296,-0.118600,-0.327958,0.220471,-0.403389,0.254910,-0.584994,0.236542,0.402658,0.504629,0.169322,0.183461,-0.053230,0.730977,0.764029,0.282041,-0.258367,0.473756,-0.213602,0.610010,-0.336929,0.564038,-0.697556,-0.516345,-0.005803,0.060271,0.327419,0.204906,-0.781868,0.092959,0.426469,0.663451,0.719562,0.670212,0.682658,0.418816,0.573422,0.445933,0.305307,0.629048,0.265216,0.662779,0.055528,0.148962,0.184988,0.507088,0.050517,-0.192596,-0.181554,0.350631,-0.321419,0.395308,0.156551,0.065970,-0.057505,-0.196732,0.040895,0.423049,0.272152,-0.635693,0.497546,0.556966,-0.440652,0.328312,0.677817,-0.090479,0.024993,-0.208834,0.556117,0.539468,0.623697,0.457757,-0.039035,-0.068458,-0.261141,-0.208511,0.610009,0.633525,-0.293223,0.472289,-0.202263,-0.296605,-0.473707,-0.014527,0.625478,-0.493059,-0.211197,-0.001138,-0.155283,0.018751,0.227792,-0.114332,-0.000841,-0.096476,0.058602,-0.107954,0.094437,-0.097089,0.224825,0.073400,0.081171,-0.119048,0.050944,0.120852,0.225456,-0.059000,-0.046029,0.265156,0.275347,0.315824,0.415490,-0.062526,-0.205305,-0.126770,0.155003,-0.647160,0.213772,-0.609872,0.105356,-0.248352,0.577719,-0.915835,-0.412235,0.321742,-0.568152,0.182385,-0.240000,-0.218426,-0.593978,0.682198,-0.216090,-0.004951,-0.482996,-0.442580,0.146521,0.250671,0.086412,0.207696,0.345980,0.098459,0.186274,-0.591042,-0.030127,0.221889,-0.177730,-0.121496,0.282557,-0.661332,-0.953211,-0.387805,-0.442988,-0.629552,-0.496964,-0.374103,-0.425425,-0.019179,-0.202728,0.037864,-0.355963,-0.532186,-0.088190,-0.130795,-0.171046,-0.600228,-0.486764,-0.022401,0.285494,-0.038084,-0.143824,0.108980,-0.127142,-0.021107,-0.104768,0.044479,0.184697,0.175287,-0.332147,-0.136814,-0.004418,-0.357634,0.193811,0.245286,-0.335729,-0.507336,-0.298567,-0.670272,-0.237874,0.275116,0.185477,-0.170482,-0.263134,-0.362634,0.000000,-0.264083,-0.267216,-0.521385,-0.529955,0.039593,0.760210,0.478861,-0.083895,-0.055714,0.182648,0.376901,-0.263553,0.271321,-0.336945,0.213597,0.194029
0.473235,0.538007,0.071449,-0.221777,-0.301092,-0.054157,-0.154210,-0.226990,0.068373,-0.002701,0.152077,0.124531,0.034700,-0.185007,0.056518,-0.279177,0.061104,0.144402,0.113102,-0.230517,-0.051039,0.092582,0.037795,-0.365906,-0.129898,-0.017495,0.093674,0.172050,-0.451142,-0.348459,0.013713,0.042847,-0.172244,-0.100651,0.084039,-0.145039,0.032538,0.155726,0.042353,0.153726,-0.110803,0.092164,0.081825,0.056945,0.024027,0.058955,-0.270610,-0.274725,-0.407900,-0.121572,-0.187336,-0.482065,-0.474162,-0.396985,-0.062367,-0.094333,-0.066364,-0.223971,0.055171,-0.146308,0.010805,-0.168839,-0.155499,-0.042152,-0.070703,-0.009625,0.212119,-0.195292,-0.136929,0.047526,-0.045623,-0.206772,0.022196,-0.291137,-0.127157,0.095787,-0.108511,0.082751,0.339550,-0.204769,0.149158,0.243214,-0.134476,0.016780,-0.190189,0.311350,0.101639,0.146037,0.218924,0.189426,0.220249,0.093361,0.114500,0.038319,0.064269,0.516324,0.104039,0.608808,0.548851,0.215479,0.321082,0.708470,0.179458,0.614871,0.218292,0.428798,0.138438,0.226178,0.095063,0.185575,0.505157,0.486363,0.163786,0.171374,0.107914,0.032531,0.228576,0.009217,-0.394207,-0.027386,0.955901,0.300794,0.228979,0.033771,-0.167976,-0.204808,-0.077411,0.288332,0.455903,0.374424,0.636091,-0.061029,0.173042,0.369141,0.239465,0.144349,0.292325,0.300346,0.506689,-0.247182,0.254564,-0.443378,-0.263680,-0.398079,-0.322840,-0.358305,-0.368484,-0.215320,-0.607537,-0.524780,-0.329957,-0.324391,-0.128971,-0.167332,-0.620853,-0.284660,-0.369884,-0.367908,-0.178359,-0.358188,-0.286754,-0.523495,-0.313366,-0.348062,-0.517300,-0.357476,-0.296691,0.178552,-0.419700,-0.345210,0.052517,-0.247940,0.092566,0.291670,-0.192291,-0.493921,0.235554,0.209277,-0.551260,-0.008870,0.176085,0.088646,-0.164721,0.130526,0.002791,-0.415301,0.375833,-0.218945,0.012317,-0.172554,-0.427901,-0.038200,-0.161495,-0.320417,0.044581,0.308543,0.103593,-0.136955,-0.550016,0.015292,-0.005813,-0.022671,-0.271744,0.318439,-0.320345,-0.092989,0.092982,-0.112001,-0.094147,-0.077245,0.122921,0.231840,-0.128521,0.065491,0.039096,-0.143571,-0.014584,0.060952,0.216811,-0.200610,0.185835,0.090496,0.101924,0.115602,-0.045902,0.172540,0.134739,-0.199236,-0.004189,-0.069337,-0.147726,-0.152048,0.173047,-0.106932,0.082279,0.012444,-0.036135,0.052401,0.164353,-0.097951,0.083881,0.162568,-0.201206,-0.311877,0.137177,-0.063957,-0.080238,-0.264083,0.000000,0.249694,-0.117888,-0.172871,-0.323071,-0.235788,-0.301470,-0.369846,-0.191494,-0.419015,-0.339110,-0.346912,-0.151714,-0.445302,-0.365412,-0.615010
0.224197,0.161695,0.265974,-0.655281,-0.230094,0.000533,-0.309863,0.401744,0.329656,-0.125920,-0.155105,0.334139,0.013909,-0.219380,0.552499,0.003795,0.009853,0.235023,0.064321,-0.153240,-0.021075,0.077566,0.021333,0.101619,0.038072,0.044486,0.301869,0.104032,0.152087,-0.224672,-0.108566,0.241189,-0.091684,-0.054257,0.109586,-0.109742,0.115928,0.033332,0.154876,0.107557,0.177645,0.136266,0.169462,0.080824,0.029226,-0.016993,0.184420,0.011681,-0.086886,-0.551486,-0.177133,-0.255770,-0.169112,0.106101,0.031349,-0.014238,-0.081731,0.160094,-0.067511,0.281359,0.354302,0.013876,0.449662,0.561613,0.514579,0.726158,0.465165,0.338289,0.041208,0.164386,0.451888,0.103035,0.378498,-0.083012,-0.033970,0.175764,0.011875,-0.001266,0.304307,-0.448803,0.468137,0.496622,0.303193,0.411520,0.178114,0.332085,0.200117,0.068986,0.165319,0.031219,0.273527,0.353250,-0.241212,-0.158218,0.054553,0.426007,0.189364,0.507598,0.615718,0.431461,0.067261,0.423894,0.460549,0.513809,0.193296,-0.051280,0.023639,0.197144,0.243098,0.187649,0.609743,-0.100786,0.244488,0.011856,0.002483,0.474320,0.250084,0.217272,0.066071,0.070917,0.149102,-0.298133,0.332687,-0.146873,-0.307586,-0.113599,0.259671,0.742594,0.448914,0.435691,0.590743,0.051750,0.325123,0.233070,-0.114797,0.085143,0.540189,0.374176,0.456037,-0.276822,0.172786,-0.232299,-0.327862,-0.228361,-0.369472,-0.388771,-0.273267,-0.259558,-0.173131,-0.408273,-0.175292,-0.279447,0.529953,0.103278,-0.171501,-0.195062,-0.272747,-0.497340,-0.231429,-0.300301,-0.000189,-0.117638,-0.397995,0.069406,-0.302758,-0.562971,-0.269908,-0.114548,-0.069477,-0.259965,-0.051276,-0.299414,0.203995,0.235621,-0.472154,-0.624748,0.033858,-0.319214,-0.747884,-0.055879,0.183108,0.217643,0.257463,0.251214,-0.197163,-0.411343,0.277005,-0.138507,-0.151231,-0.875561,-0.493951,-0.279472,-0.738787,-0.738048,-0.032618,-0.040437,0.064788,-0.210149,-0.384862,-0.238022,-0.639628,-0.425241,0.004276,0.044859,-0.407571,-0.440933,-0.074264,-0.441987,-0.371480,0.154422,0.502828,0.227183,-0.297063,0.033083,-0.030512,-0.130752,0.371086,0.012789,0.066775,-0.100549,0.255201,-0.165578,0.345531,0.580299,0.029838,-0.030169,0.263218,-0.102850,0.901525,0.424766,0.539475,-0.108375,0.171527,-0.429367,0.088255,0.226745,0.613267,0.331464,0.214564,0.096865,-0.058945,0.182737,-0.516637,-0.286077,0.120736,-0.003573,0.208890,-0.267216,0.249694,0.000000,-0.375641,0.038709,-0.506070,-0.017750,-0.591115,-0.618164,-0.006186,-0.669840,-0.472189,-0.425034,-0.512153,-0.323885,-0.715746,-0.626151
0.177883,0.379417,-0.012066,0.428892,0.457206,-0.550441,-0.092933,0.155987,-1.007723,-0.244580,-0.136881,0.214107,0.891280,0.471979,-0.182625,-0.284136,-0.649609,-0.961510,-0.894478,-0.450744,-0.594522,-0.513519,-0.614155,-0.491895,-0.665605,-0.698830,-0.876034,-0.891569,0.075388,-0.444705,-0.749156,-0.345611,-0.340519,-0.465694,-0.676290,-0.291315,-0.531089,-0.678168,-0.869296,-0.840334,-0.563889,-0.673167,-0.700006,-0.711059,-0.551560,-0.621699,-0.016907,0.479659,-0.064165,0.562570,0.154214,0.205719,0.042423,-0.147461,0.004359,0.304929,0.105312,0.231382,0.063781,0.237325,-0.237524,0.556780,-0.403996,-0.449379,-0.632905,-0.462499,-0.821760,-0.136635,-0.591631,-0.756074,-0.401899,0.283215,-0.702072,0.225906,-0.426500,0.188316,-0.118347,0.318310,0.065314,0.880434,-0.382288,-0.929769,-0.318330,0.332410,-0.154471,-0.847657,-0.869254,-0.751898,-0.626257,-0.561149,-0.490500,-0.788351,0.060608,-0.037857,-0.446100,-0.730254,-0.721129,-0.587464,-0.779589,-0.574069,-0.420241,-0.535341,-0.427219,-0.352582,-0.386845,0.263641,-0.279669,-0.166585,-0.144576,0.053381,-0.342531,-0.045593,-0.382390,-0.095226,0.469241,-0.779951,-0.894495,0.266334,-0.228235,-0.844693,-0.128502,0.385809,0.137570,-0.132426,-0.156513,-0.168723,-0.794425,-0.390447,-0.682491,0.031504,-0.548359,-0.397109,-0.836568,0.147306,-0.055555,0.259661,-0.317934,0.139347,-0.501948,-0.396393,0.194798,0.374400,0.445014,0.448634,0.494538,0.147462,0.326148,0.434717,0.215371,0.440306,0.472570,0.315351,-0.263497,-0.153397,0.106524,0.158372,0.353810,0.207919,0.377899,0.260360,0.055688,0.182697,0.349418,-0.442129,0.086095,0.111993,0.510623,0.278468,0.204605,0.236343,0.460751,0.007795,0.298863,-0.370428,0.581386,-0.025720,0.646594,1.188309,0.191022,0.570312,-0.215702,0.254103,0.007915,0.187657,-0.367034,0.499912,-0.525965,0.923097,0.616895,0.557691,0.105307,0.285736,0.628814,0.359178,-0.110196,-0.122571,0.465016,0.190137,0.222293,0.341981,0.401402,0.094379,0.708498,0.876002,0.638531,0.749482,0.664868,0.892388,0.677577,0.246979,-0.072364,0.200510,0.319407,0.369683,0.689747,0.409651,0.053237,0.298048,0.398128,0.760904,-0.045202,0.104582,-0.275444,-0.173861,0.013166,0.349104,-0.524647,0.079668,-0.406057,-0.685378,-0.514686,0.337105,-0.171920,0.440999,0.451531,-0.401034,-0.407771,0.130747,0.338736,0.288409,0.385052,-0.246646,-0.034598,0.175352,0.223140,0.250163,0.436434,-0.521385,-0.117888,-0.375641,0.000000,0.610744,0.372275,-0.428916,-0.170977,0.767572,-0.118224,0.162114,0.050903,0.982119,0.122621,0.480373,0.455607,0.186364
0.243804,0.171997,0.344497,0.201852,0.348640,-0.584855,-0.388756,0.188478,-0.840874,-0.130251,-0.498277,0.758754,0.743289,0.558375,0.152142,-0.139264,-0.877385,-0.574779,-0.700935,-0.266740,-0.481347,-0.775230,-0.452921,-0.266247,-0.477163,-0.607175,-0.771730,-0.579442,0.205903,-0.203967,-0.915351,0.138350,-0.279468,-0.216250,-0.330228,-0.279241,-0.621424,-0.564556,-0.843208,-0.710274,-0.396353,-0.863911,-0.794206,-0.950065,-0.795315,-1.082410,0.280851,1.242883,0.102748,0.135029,0.038516,0.689638,0.335299,0.174032,0.328678,0.674697,0.394797,0.461042,-0.143165,0.561824,-0.382915,0.889520,-0.209006,-0.370972,-0.373873,-0.155521,-0.486169,0.386092,-0.345471,-0.717103,-0.250561,0.684071,-0.498930,0.713506,-0.558365,0.605062,-0.639068,0.655800,0.383264,0.206006,-0.346289,-0.383361,-0.235884,0.432581,-0.036743,-0.748180,-0.867415,-0.927694,-0.710642,-0.939087,-0.645310,-0.742874,-0.289270,-0.527761,-0.713014,-0.541965,-0.716928,-0.440530,-0.347896,-0.514660,-0.599444,-0.134554,0.124637,-0.053332,-0.162330,-0.182166,-0.643405,-0.109838,0.150947,0.223676,0.012063,-0.408613,-0.349629,-0.549042,0.738381,-0.608861,-0.776593,0.265833,0.008880,-0.701207,-0.034404,0.048702,0.050275,-0.469064,-0.418881,-0.662536,-0.674143,0.021362,-0.177360,-0.053340,-0.186612,-0.507398,-0.858100,0.283099,-0.697032,0.396835,-0.065530,0.307215,-0.173280,-0.197594,0.323152,0.542681,0.183432,0.778798,0.257099,-0.088235,0.507574,0.315562,0.137581,0.342499,0.290408,0.076290,0.458946,0.300087,0.041993,0.168119,0.422537,-0.006930,0.305560,0.115667,0.093946,0.063988,-0.026872,0.110188,0.103544,-0.179081,0.286792,0.431512,0.318980,0.121117,0.373647,0.132856,0.261877,-0.335539,0.572724,-0.314321,0.407808,0.329960,0.066512,0.522780,-0.640993,0.458387,-0.003338,0.376731,-0.961317,0.640795,-0.031758,0.742940,0.578111,0.066123,-0.065300,-0.131481,-0.123030,-0.240699,-0.495733,-0.342331,0.395900,-0.251142,0.126279,0.052032,0.167695,-0.365458,0.896144,0.587381,0.851125,0.471540,1.027770,0.491222,0.473183,0.705038,0.160192,0.183799,0.099046,0.160924,0.665709,0.528941,-0.021184,0.177738,0.758262,0.847276,0.059812,-0.086241,0.034867,-0.007401,0.070694,0.043263,0.048953,0.525772,0.022649,-0.259356,-0.145578,0.430243,0.422099,0.056100,0.383954,0.114057,-0.136100,0.481602,0.574806,0.787924,0.825619,0.020809,-0.148430,-0.272014,-0.051590,-0.214579,0.729123,-0.529955,-0.172871,0.038709,0.610744,0.000000,0.298689,-0.309478,-0.269106,0.642845,0.546545,-0.009711,0.212081,0.539860,-0.294668,0.830174,0.211148,0.172616
-0.244417,-0.291372,-0.304569,0.290899,0.338584,-0.249621,0.307681,-0.212021,-0.341575,-0.023792,-0.365404,0.036382,0.157406,0.570318,-0.288412,-0.435862,-0.245067,-0.164921,-0.172736,-0.019969,-0.444308,-0.125876,-0.311119,-0.322698,-0.595510,-0.349930,-0.384750,-0.207767,-0.255489,-0.151005,-0.071451,-0.230463,0.007662,-0.356296,-0.372335,-0.379361,-0.439252,-0.360390,-0.133738,-0.199019,-0.584403,-0.220433,-0.557467,-0.284158,-0.244059,-0.116319,-0.003217,0.085027,-0.323853,0.375969,-0.149978,0.377467,0.001432,-0.412113,0.178772,0.114651,0.317695,0.179282,-0.101089,-0.202469,-0.066759,0.185595,-0.177784,-0.455924,-0.466726,-0.401591,-0.569767,-0.037293,-0.221304,-0.296621,-0.351918,-0.120981,-0.155308,0.716493,0.249891,-0.370163,-0.188231,0.204215,0.174104,0.410429,-0.032109,-0.114363,-0.429703,-0.199109,-0.159128,-0.155941,-0.100838,-0.073664,-0.163370,-0.169427,-0.229282,-0.190614,0.271545,-0.228794,-0.012535,-0.157072,-0.175949,-0.173415,-0.295753,0.002936,-0.060992,-0.332153,0.143475,-0.285906,-0.203635,0.041525,-0.290468,-0.307054,-0.577138,-0.538610,-0.381005,0.091309,-0.530254,-0.389435,0.274087,-0.320392,-0.067434,-0.081827,-0.160332,0.020101,-0.086124,-0.043332,-0.286256,0.331916,0.452937,0.189789,-0.063739,-0.409937,-0.084651,-0.201729,-0.390901,-0.182536,-0.251622,-0.350430,-0.135773,-0.033958,-0.097641,-0.087799,-0.003696,0.158170,-0.089268,0.509307,0.307059,0.522754,0.427781,0.475081,0.551896,0.384552,0.307067,0.489825,0.288929,0.432188,-0.139518,-0.034066,0.320425,0.307669,0.450880,0.494401,0.193962,0.509570,0.366219,0.228162,0.378570,0.202078,0.552276,0.413689,0.349177,0.035244,0.401415,0.441430,0.017516,0.507904,-0.174161,-0.085471,0.479408,0.294136,0.050426,0.286017,0.404651,-0.089952,-0.530683,-0.252676,-0.199148,0.228220,0.046662,0.407319,-0.032660,0.437750,0.053482,0.170278,0.080817,-0.331091,0.230949,0.165858,-0.139012,-0.174922,-0.166201,0.098464,-0.137490,-0.130256,0.250561,0.120226,0.063093,0.134714,0.708881,0.238521,0.209884,0.312677,0.168074,0.216635,-0.489743,-0.354832,0.221297,-0.160155,-0.149333,0.121107,-0.289344,-0.117405,0.259704,0.263899,-0.445304,0.330672,0.207516,-0.009286,0.103524,0.153091,-0.333502,0.420392,-0.442669,-0.453396,-0.162950,-0.078965,0.221822,0.525822,0.033934,-0.178693,-0.512676,0.021518,0.083122,0.131117,0.336988,0.193225,0.225073,0.202880,0.161228,-0.142843,0.317567,0.039593,-0.323071,-0.506070,0.372275,0.298689,0.000000,0.090807,-0.012747,0.645388,0.191957,0.543416,0.289821,0.369398,0.070245,0.651185,0.683343,0.348812
-0.457673,-0.634336,-0.194095,-0.116237,-0.352496,0.513468,0.606417,-0.105824,0.730367,0.248161,0.121304,-0.350669,-0.473501,-0.358518,0.083966,0.116681,0.357696,0.472589,0.348358,0.506645,0.181195,0.242872,0.161178,0.437683,0.321777,0.305191,0.586567,0.326659,-0.180450,0.315162,0.365270,0.202734,0.303485,-0.043929,0.164709,0.095593,0.333538,0.308158,0.398977,0.293097,0.157994,0.263934,0.383530,0.227723,0.196180,0.293179,0.185941,-0.284190,0.065475,-0.291497,-0.392002,-0.214039,0.073900,0.069964,0.184623,-0.162408,-0.076425,-0.188724,-0.007675,-0.135974,0.444727,-0.326390,0.376331,0.526540,0.688265,0.415114,0.276209,0.155061,0.615732,0.686147,0.453894,-0.119756,0.702273,-0.167064,0.892776,-0.409018,0.394553,-0.459024,-0.313512,-0.032191,0.376505,0.520641,0.543191,-0.541670,0.139213,0.429523,0.500325,0.547847,0.616495,0.558575,0.373589,0.637537,0.516611,0.107697,0.690905,0.304012,0.552316,0.039344,0.134300,0.200181,0.394306,0.108340,-0.028289,-0.102954,0.355018,-0.198021,0.159149,0.166931,-0.135857,-0.230363,-0.136814,-0.088763,0.346533,0.106193,-0.458370,0.641459,0.518394,-0.382002,0.261418,0.453780,-0.041182,-0.154211,-0.038407,0.401943,0.475903,0.494337,0.425403,0.316976,-0.013193,-0.046751,-0.172270,0.528230,0.553835,-0.041446,0.495163,-0.067701,-0.142869,-0.360024,0.183306,0.476486,-0.090780,-0.094012,0.140498,-0.073208,0.043905,0.115482,-0.112020,0.074389,0.035444,-0.032055,0.027493,0.141298,0.259686,0.266264,0.029445,0.020849,-0.151510,0.000582,0.167004,0.300089,0.014536,0.011439,0.180574,0.463713,0.454384,0.191402,0.000171,-0.235975,-0.066137,0.209757,-0.476404,0.363060,-0.309682,0.025335,-0.240502,0.130417,-0.802196,-0.486037,0.124282,-0.700058,0.297989,-0.198453,0.066026,-0.293034,0.266597,-0.063739,-0.179823,-0.341521,-0.310123,-0.079697,-0.045299,0.013806,0.012443,0.190186,-0.026267,0.238329,-0.476901,-0.104973,0.175586,-0.218428,-0.398658,-0.107564,-0.497664,-0.662936,-0.334900,-0.612215,-0.382158,-0.624070,-0.626414,-0.114242,0.025889,-0.187745,-0.194750,-0.195053,-0.382581,-0.086587,-0.002808,-0.070216,-0.262922,-0.288419,0.023150,0.199757,0.139190,0.184783,0.268671,-0.296728,-0.210417,-0.114212,0.331340,0.117937,0.466649,-0.280500,-0.120832,0.102918,-0.088272,0.040967,0.419868,-0.028658,-0.161462,-0.155851,-0.530204,-0.201921,0.053592,0.246981,0.199177,-0.211681,-0.115123,0.760210,-0.235788,-0.017750,-0.428916,-0.309478,0.090807,0.000000,0.122518,-0.103195,0.009651,-0.092207,0.106495,-0.120688,-0.103872,-0.209835,0.145610,-0.095480
-0.131501,-0.180336,0.065632,0.187263,0.205772,0.473919,-0.033449,-0.456283,0.001474,0.374407,0.278673,-0.390713,-0.559207,-0.278414,-0.485946,0.422681,0.297433,0.150572,0.350865,0.692637,0.815443,0.171875,0.452726,0.402051,0.546285,0.713793,0.159304,0.328139,0.063762,0.727687,0.467262,-0.051040,0.594235,0.582146,0.368701,0.855736,0.366480,0.377062,0.207325,0.298878,0.334549,0.200954,0.143214,0.295935,0.350256,0.317559,-0.192663,-0.216152,0.325904,0.030314,0.249646,0.075778,0.186164,0.231472,-0.286620,-0.367650,-0.282977,-0.547595,-0.166491,-0.472530,-0.491929,-0.430982,-0.218616,-0.326987,-0.191229,-0.514483,0.032342,-0.418655,0.283933,0.074831,-0.368443,-0.113004,-0.223585,-0.027727,-0.084118,0.111830,0.005977,-0.285063,-0.470091,-0.078987,-0.487034,-0.156656,-0.105063,-0.615988,-0.047462,0.024752,0.151831,0.218199,0.012668,0.149736,0.002119,-0.101909,-0.081863,0.251894,-0.054977,-0.121997,0.074286,-0.272961,-0.139300,-0.247947,0.035627,-0.061558,-0.362531,-0.323846,-0.046165,-0.269151,0.192632,-0.046041,0.256137,0.167579,-0.346123,-0.249347,0.051286,-0.072786,-0.411177,-0.188464,-0.046944,-0.370314,0.453786,0.225459,-0.168225,0.023074,-0.473862,0.038321,0.181352,0.070466,0.031236,-0.576001,-0.135854,-0.439511,-0.259470,0.170664,0.047760,-0.255278,-0.051865,-0.190628,-0.440989,-0.661689,-0.297787,0.521597,-0.242283,-0.061260,0.054870,-0.000083,0.001331,0.269207,0.077371,-0.024937,0.031772,0.186081,-0.229253,-0.053299,-0.180093,0.131028,0.097381,0.058384,0.027223,0.193306,-0.084559,-0.112633,-0.129231,-0.058175,0.037604,0.150393,0.056976,0.342102,-0.061049,0.063437,0.009400,0.010624,-0.077357,-0.032878,-0.160293,-0.119727,0.165942,0.824010,-0.372080,-0.318413,0.732822,0.108703,-0.116005,-0.179418,-0.189075,-0.607633,0.184458,0.220502,-0.027374,-0.358528,-0.198946,0.508873,0.734676,0.245944,0.370414,0.588979,0.169285,0.076098,-0.126307,0.066196,0.542026,0.230681,0.417666,0.269238,-0.321268,-0.470702,-0.046956,0.192101,-0.403116,-0.012902,0.115148,-0.456957,-0.310133,-0.334523,-0.010489,-0.294568,-0.229804,-0.167774,-0.510063,-0.214730,-0.585032,-0.420947,-0.090946,-0.218204,-0.307946,-0.677652,-0.264764,-0.351352,0.128810,0.175884,-0.520620,0.094638,-0.358398,-0.014898,-0.291296,-0.279629,-0.329495,0.037248,-0.334402,-0.610869,-0.613362,-0.332045,-0.251749,-0.133801,0.580623,0.046813,-0.501011,-0.153622,-0.551849,0.478861,-0.301470,-0.591115,-0.170977,-0.269106,-0.012747,0.122518,0.000000,0.185465,0.083542,0.443244,0.715622,-0.017532,0.556821,0.011748,0.205328,0.823878
-0.119620,-0.155522,-0.017359,0.493108,0.691987,-0.286972,0.148191,-0.062956,-0.859623,-0.028762,-0.322051,0.087466,0.319332,0.696322,-0.502564,-0.342496,-0.531468,-0.618974,-0.516641,-0.078081,-0.428180,-0.509053,-0.512697,-0.392106,-0.542624,-0.543063,-0.920547,-0.558942,0.036234,0.088341,-0.401910,-0.310421,-0.042431,-0.250323,-0.547707,-0.214287,-0.785121,-0.667617,-0.615023,-0.639899,-0.512042,-0.541462,-0.711341,-0.592388,-0.458568,-0.546633,0.059783,0.472337,-0.141639,0.400068,-0.012172,0.497523,0.142506,-0.133484,0.028551,0.206993,0.370137,0.180380,-0.010204,0.067461,-0.412684,0.239315,-0.411163,-0.715193,-0.705044,-0.623496,-1.162097,-0.179179,-0.505008,-0.562952,-0.444878,0.132777,-0.648448,0.537513,-0.199382,0.127884,-0.191999,0.187222,-0.031163,0.576867,-0.385326,-0.524975,-0.368462,-0.060544,-0.239719,-0.544567,-0.623369,-0.580429,-0.610422,-0.579927,-0.623094,-0.782157,0.056067,-0.290597,-0.428915,-0.572199,-0.681355,-0.539358,-0.726294,-0.711667,-0.483359,-0.365624,-0.261061,-0.321606,-0.395275,-0.007436,-0.385393,-0.345730,-0.164628,-0.095249,-0.699084,-0.101414,-0.375728,-0.350442,0.153502,-0.735359,-0.613744,0.109055,0.003763,-0.334060,-0.214467,0.096185,-0.366376,-0.078836,0.128857,-0.226195,-0.477445,-0.555122,-0.481989,-0.422667,-0.524985,-0.349652,-0.735276,-0.100059,-0.263833,0.036023,-0.363199,-0.114979,-0.481805,0.258523,0.078752,0.845582,0.789652,1.077909,0.899988,0.644172,1.139191,0.875347,0.545692,1.178430,0.669119,0.624966,-0.009231,0.154855,0.531737,0.602879,1.062028,0.757585,0.749054,0.590078,0.353769,0.534583,0.572016,0.236322,0.677377,0.619477,0.854691,0.297268,0.771333,0.737331,0.251410,0.526264,0.113139,-0.165320,0.661916,0.278250,0.162710,0.392891,0.700652,0.343067,-0.608551,0.016244,-0.204873,-0.058990,-0.323362,0.713339,-0.245540,0.463895,0.195841,0.600773,0.246056,0.000672,0.456957,0.375502,-0.136809,-0.007436,0.275998,0.025163,0.266397,0.253459,0.479868,0.172375,0.409361,0.191818,0.966247,0.634628,0.385014,0.752077,0.593023,0.196169,-0.286884,-0.194192,0.432842,0.156576,0.323496,0.401012,-0.406349,0.159951,0.248026,0.419396,-0.305700,0.012865,-0.224518,-0.384461,0.024343,0.015129,-0.414711,0.533601,-0.489517,-0.492259,-0.310370,0.332614,0.144667,0.387529,0.029367,-0.377851,-0.653908,-0.161841,0.032323,0.094153,0.305513,-0.079542,0.311217,0.205570,-0.008659,-0.046494,0.348959,-0.083895,-0.369846,-0.618164,0.767572,0.642845,0.645388,-0.103195,0.185465,0.000000,0.411579,0.684226,0.541982,1.129445,0.183165,0.907101,1.182240,0.692892
-0.161431,-0.363994,-0.014309,0.075159,0.387768,-0.031192,-0.021197,-0.059151,-0.315868,-0.069160,-0.666791,0.211907,0.009445,0.544092,-0.221273,-0.248736,-0.336831,0.001677,0.022034,0.014877,-0.184406,-0.426595,-0.033550,-0.141706,-0.107179,-0.306459,-0.462606,-0.030010,0.093668,0.389716,-0.122080,0.227327,0.038284,0.163756,-0.008176,-0.239293,-0.553055,-0.204003,-0.139061,-0.143689,-0.190507,-0.187839,-0.301492,-0.154478,-0.132553,-0.276838,0.096748,0.433892,0.010023,-0.104415,-0.206457,0.456483,0.228636,0.034443,0.094598,0.218420,0.444320,0.142734,-0.253699,0.042774,-0.389958,0.116076,-0.023691,-0.402854,-0.164998,-0.101917,-0.131143,0.275812,-0.162678,-0.130577,-0.146076,0.162385,-0.040227,0.556291,-0.121239,0.387237,-0.647003,0.245814,0.167382,-0.238254,-0.147495,-0.020362,-0.209945,0.081254,-0.254255,-0.091344,-0.151877,-0.226394,-0.235757,-0.410543,-0.457324,-0.308695,-0.207593,-0.358080,-0.338201,-0.086633,-0.214031,-0.013169,0.036018,-0.273234,-0.360218,0.026273,0.213330,0.169516,-0.172520,-0.357275,-0.229184,-0.174833,0.121336,0.006822,-0.094704,-0.179722,-0.170607,-0.262095,0.121790,-0.080653,-0.160045,0.186619,0.065201,0.092524,-0.027829,-0.188061,-0.366258,-0.217622,0.141971,-0.544483,-0.053891,-0.104096,0.223085,-0.436923,0.120571,-0.330781,-0.193300,0.116770,-0.543620,0.176317,0.094285,0.061941,-0.144348,0.263314,0.072183,0.383438,0.061364,0.811320,0.124870,0.144325,0.760699,0.203064,0.272787,0.426032,0.277309,0.003172,0.475322,0.518181,0.368868,0.478766,0.576631,0.218405,0.146547,0.042387,0.285848,0.227331,-0.090781,0.866979,0.243899,0.134706,0.133520,0.202179,0.595340,0.215413,-0.022127,0.433107,-0.005489,0.187193,0.316988,-0.091983,-0.038447,-0.345900,0.203602,0.287508,-0.713392,0.039726,-0.197615,0.008392,-0.344035,0.308397,0.354377,-0.188621,-0.201387,-0.021848,-0.011376,-0.315915,-0.279175,-0.227352,-0.259775,-0.064553,0.217066,-0.344406,0.077545,0.047173,0.248371,-0.185118,0.185382,-0.140766,0.580803,0.232311,0.198360,0.101053,0.124260,0.130515,-0.251842,-0.117469,0.153891,0.161939,0.192092,0.139233,-0.367530,0.224650,0.272442,0.010549,0.032516,-0.203915,0.274171,-0.143272,0.007252,-0.146640,0.224929,0.651687,-0.049897,0.223802,0.122778,0.162087,0.514118,-0.068384,-0.215963,0.152384,-0.114179,-0.030244,0.062243,0.162251,0.230389,0.191037,0.259726,-0.244657,-0.193135,-0.417354,0.076754,-0.055714,-0.191494,-0.006186,-0.118224,0.546545,0.191957,0.009651,0.083542,0.411579,0.000000,0.307071,0.439119,0.193796,-0.063097,0.710023,0.379856,0.403140
-0.399148,-0.513423,-0.407900,0.503986,0.601246,-0.029924,0.261572,-0.151818,-0.371767,-0.026203,-0.345796,-0.266281,-0.115303,0.640466,-0.682518,-0.213661,-0.107353,-0.317698,-0.125902,0.168887,-0.041380,-0.198378,-0.158972,-0.057282,-0.113512,-0.131621,-0.476705,-0.166407,0.173820,0.521565,0.099683,-0.494325,0.237251,0.065435,-0.291358,-0.009760,-0.466561,-0.329777,-0.100585,-0.151948,-0.103321,-0.101314,-0.347902,-0.063786,-0.074060,-0.049377,0.067678,-0.015748,-0.128625,0.322489,-0.153918,0.450882,0.067250,-0.094755,-0.220049,-0.024005,0.421331,0.119745,0.073436,-0.263179,-0.175689,-0.113473,-0.231092,-0.612100,-0.523287,-0.517353,-0.588690,-0.126065,-0.188724,-0.290137,-0.318149,-0.191540,-0.244715,0.321588,-0.006866,-0.195381,-0.061640,0.004258,-0.063386,0.110207,-0.208915,-0.221243,-0.424954,-0.087140,-0.189370,-0.089052,-0.137965,-0.148484,-0.362292,-0.284083,-0.395072,-0.437040,-0.110890,-0.210060,-0.257979,-0.228439,-0.393525,-0.075394,-0.458716,-0.182492,-0.357634,-0.411340,-0.059718,-0.112386,-0.617798,0.016297,-0.232052,-0.732248,-0.362369,-0.483712,-0.759209,0.216565,-0.546335,-0.158809,-0.203495,-0.299235,-0.146416,0.188759,-0.045395,0.197275,-0.493132,-0.192199,-0.692982,0.106464,0.344548,0.036159,0.172658,-0.850854,-0.214155,-0.645788,-0.246363,-0.256756,-0.338939,-0.575198,-0.248236,-0.370532,-0.024119,-0.086739,-0.443356,0.207311,-0.312554,0.432594,0.335963,0.536323,0.637965,0.913785,0.878617,0.530698,0.544514,0.760120,0.413800,0.580343,-0.249851,-0.166259,0.769506,0.656052,0.836579,0.951336,0.348205,0.369716,0.453468,0.720708,0.549698,0.351194,0.560591,0.896757,0.631742,-0.138666,0.737482,0.598423,-0.008378,0.441454,-0.129170,0.269803,0.302181,0.747931,0.006993,0.005273,0.517657,0.129077,-0.357539,-0.491304,-0.130692,-0.066830,0.193156,0.333486,0.073409,-0.049054,-0.325699,0.456077,0.390711,-0.200318,0.260050,0.284558,0.224257,0.114668,0.079193,0.225075,0.033951,0.186208,0.543185,0.498862,0.017992,-0.211702,0.509887,0.478467,-0.128595,0.519892,0.434907,-0.151926,-0.677851,-0.581378,0.559577,0.213129,-0.232833,0.091148,-0.487056,-0.054689,-0.054218,-0.044594,-0.694063,-0.147764,-0.029871,-0.368130,-0.116082,0.058299,-0.112201,0.398216,-0.576644,-0.108977,-0.039389,0.134298,0.009032,0.316225,-0.467918,-0.160697,-0.696404,-0.345821,-0.420864,-0.203954,0.075944,0.323080,0.677803,0.484274,0.031765,0.079886,-0.052225,0.182648,-0.419015,-0.669840,0.162114,-0.009711,0.543416,-0.092207,0.443244,0.684226,0.307071,0.000000,0.523209,0.336853,0.536797,0.632511,0.856521,1.013263
-0.317649,-0.389920,-0.021857,0.272382,0.355184,0.228055,-0.004313,-0.412490,-0.154042,0.267100,-0.085666,-0.114325,-0.253410,0.061150,-0.469573,-0.028709,0.012399,0.100775,0.205511,0.724386,0.166385,-0.102139,0.352860,0.181215,0.098488,0.154404,-0.189199,0.161460,-0.098985,0.673764,0.249180,-0.125174,0.874514,0.318705,0.095351,0.145732,-0.080826,0.003257,0.059391,0.115383,-0.093188,0.068801,-0.189148,0.040624,0.128667,-0.042644,-0.110531,-0.049056,0.027101,0.063079,0.034323,0.166801,0.077914,0.009791,-0.064244,-0.225092,-0.029691,-0.355063,0.037186,-0.410632,-0.269546,-0.231611,-0.231208,-0.385028,-0.230343,-0.394471,-0.176853,-0.147842,0.113919,-0.058618,-0.404073,-0.001958,-0.100376,0.287146,-0.185224,0.176520,-0.141292,-0.158009,-0.283387,0.037261,-0.288918,-0.275564,-0.371484,-0.350112,-0.328682,-0.053940,-0.006662,-0.005631,-0.244406,-0.147998,-0.193191,-0.265767,-0.022205,0.128118,-0.198933,-0.270824,-0.195278,-0.176190,-0.263978,-0.293089,-0.262875,-0.152604,-0.207149,-0.063324,-0.232623,-0.343101,-0.050837,-0.244364,0.139109,0.033838,-0.452473,-0.136877,-0.118945,-0.082066,-0.263847,-0.254982,-0.276324,-0.042197,0.214222,0.189337,-0.107065,-0.053019,-0.705796,0.146784,0.253574,-0.095728,-0.006324,-0.696656,-0.211866,-0.790740,-0.358522,-0.161211,-0.105589,-0.203731,-0.322148,-0.153581,-0.306309,-0.239784,-0.399805,0.455596,-0.272729,0.091259,0.258250,0.502803,0.230187,0.433663,0.530543,0.269555,0.163968,0.468064,0.137811,0.195514,-0.037064,0.232278,0.334966,0.543454,0.425287,0.347493,0.213019,0.177141,0.331652,0.078547,0.189010,0.354421,0.211996,0.470276,0.279944,-0.074155,0.431932,0.312792,-0.178716,0.042292,-0.130736,0.026012,0.132076,0.801699,-0.278487,-0.107282,0.636171,0.279824,-0.330959,-0.036831,-0.359178,-0.494873,-0.023455,0.247885,-0.019795,-0.134886,-0.206148,0.535526,0.879191,0.103460,0.323357,0.354416,0.164479,0.052876,0.092328,0.081320,0.472804,0.301759,0.602424,0.380849,-0.039366,-0.363923,0.273472,0.284373,-0.212488,0.181653,0.186050,-0.303355,-0.257622,-0.399602,0.256582,-0.073036,-0.103286,0.051543,-0.546431,0.167548,-0.126825,-0.218858,-0.080067,0.048077,0.003953,-0.413475,-0.098603,0.013673,0.061009,0.407650,-0.412708,-0.152230,-0.290795,0.109285,0.053734,-0.140241,-0.465391,0.112832,-0.359027,-0.442814,-0.497269,-0.079247,-0.117674,-0.084180,0.395450,-0.144311,-0.161583,-0.303721,-0.050109,0.376901,-0.339110,-0.472189,0.050903,0.212081,0.289821,0.106495,0.715622,0.541982,0.439119,0.523209,0.000000,0.230476,0.672067,0.376497,0.528390,0.934247
-0.014209,0.043228,-0.170657,0.402693,0.545584,-0.321709,0.191560,0.282053,-0.716786,-0.390360,-0.145975,-0.008904,0.567602,0.550788,-0.376693,-0.256460,-0.562497,-0.780418,-0.689905,-0.366798,-0.469049,-0.524944,-0.730588,-0.520266,-0.545673,-0.634723,-0.770507,-0.755523,0.069439,-0.104866,-0.564476,-0.382880,-0.225389,-0.478302,-0.836975,-0.267262,-0.656638,-0.757285,-0.718187,-0.898533,-0.527956,-0.608743,-0.674343,-0.613826,-0.451927,-0.475565,-0.093146,0.506712,-0.092364,0.361406,-0.008635,0.221041,0.080689,-0.113887,-0.045760,0.217813,0.104540,0.142357,-0.069103,0.174055,-0.299300,0.326697,-0.193220,-0.403560,-0.487618,-0.354589,-0.774345,-0.275061,-0.603350,-0.461858,-0.223830,0.170516,-0.574351,0.358442,-0.114717,0.015008,-0.067925,0.291655,-0.002120,0.834502,-0.239782,-0.612615,-0.071979,0.121151,-0.182151,-0.551371,-0.635860,-0.591235,-0.484179,-0.471558,-0.508305,-0.622668,0.147209,-0.011471,-0.306835,-0.636238,-0.624287,-0.584345,-0.849311,-0.651239,-0.502918,-0.396290,-0.405328,-0.509416,-0.371886,0.112114,-0.251398,-0.170806,-0.271061,-0.092896,-0.555679,-0.046332,-0.217144,-0.069704,0.284130,-0.564818,-0.569529,0.250085,0.001560,-0.387984,-0.268731,0.151042,0.041855,-0.055006,0.116133,-0.146977,-0.562759,-0.393361,-0.559528,-0.146192,-0.525459,-0.266099,-0.588528,0.219107,-0.006170,0.251640,-0.304647,-0.146598,-0.462124,0.011386,0.317381,0.825241,0.878758,0.774269,0.784733,0.425891,0.680698,0.658850,0.527739,0.747092,0.839160,0.506463,0.035465,0.047634,0.369816,0.366879,0.705503,0.534107,0.641331,0.532971,0.209264,0.456058,0.504925,0.041456,0.475307,0.397877,0.708776,0.263267,0.507214,0.550201,0.342373,0.454904,0.283762,-0.312292,0.566984,0.030691,0.379779,0.524458,0.519764,0.303448,-0.347025,0.067458,-0.071695,0.036504,-0.423996,0.567437,-0.637188,0.585067,0.264478,0.536367,0.243636,0.278933,0.552786,0.519153,-0.029575,0.047528,0.380873,0.233797,0.425127,0.370808,0.353583,0.104786,0.573250,0.389381,0.700220,0.494255,0.461246,0.659637,0.361379,0.193378,-0.198689,0.000106,0.193413,0.256719,0.492860,0.362761,-0.268467,0.438975,0.269831,0.502319,0.001675,0.075993,-0.261575,-0.283985,0.119607,-0.019511,-0.619924,0.182429,-0.351909,-0.513052,-0.207454,0.398794,-0.020643,0.439267,0.308574,-0.651477,-0.399019,-0.090448,0.285044,0.086430,0.143862,-0.350243,0.000505,0.342837,0.114019,0.170358,0.190687,-0.263553,-0.346912,-0.425034,0.982119,0.539860,0.369398,-0.120688,-0.017532,1.129445,0.193796,0.336853,0.230476,0.000000,0.009510,0.720808,0.733530,0.319320
-0.572654,-0.312315,-0.300179,0.372785,0.361708,0.295732,0.114273,-0.381821,-0.096265,0.159693,0.086715,-0.522535,-0.296165,-0.002269,-0.651700,-0.097648,0.135841,0.034380,0.237095,0.557050,0.127683,-0.022344,0.374516,0.202282,0.149416,0.094295,-0.110066,0.079494,-0.090263,0.488671,0.402614,-0.458310,0.709899,0.352200,0.065713,0.120158,0.040385,0.028384,0.161499,0.184109,-0.032980,0.257376,-0.022207,0.278538,0.317458,0.180504,-0.192383,-0.459175,-0.054285,0.347083,0.119076,-0.176270,-0.157188,-0.167728,-0.333136,-0.461409,-0.141471,-0.372504,0.364686,-0.560899,-0.048299,-0.406868,-0.244647,-0.344626,-0.255396,-0.499062,-0.187041,-0.305248,0.065983,-0.017753,-0.361968,-0.297072,-0.057549,-0.237385,-0.197498,-0.030072,0.238155,-0.530725,-0.641943,0.102750,-0.273251,-0.530414,-0.578778,-0.216789,-0.449625,-0.064222,0.059536,0.085593,-0.158110,0.019739,-0.012810,-0.180934,0.066025,0.477350,-0.046310,-0.298960,-0.086992,-0.061006,-0.374273,-0.190350,-0.164361,-0.514437,-0.616894,-0.071734,-0.431704,0.046844,0.257051,-0.329088,0.019025,-0.026088,-0.570269,0.170539,-0.064241,0.396802,-0.556686,-0.109470,-0.272405,0.036972,-0.058317,0.151490,-0.165386,0.190553,-0.581601,0.286702,0.336505,0.145972,0.100684,-0.951331,-0.473141,-0.703198,-0.299359,-0.234856,-0.005340,-0.419492,-0.026783,-0.493714,-0.337805,-0.070373,-0.774366,0.122627,-0.678942,-0.303008,0.110548,0.079801,0.181424,0.435519,0.222858,0.109875,0.111138,0.323694,0.125942,0.210390,-0.766789,-0.149758,0.393579,0.537793,0.242855,0.377246,0.079986,0.096157,0.258340,0.160868,0.311231,-0.155893,0.044303,0.621228,0.283220,-0.501027,0.245408,0.228081,-0.352289,-0.236042,-0.281005,0.298648,-0.072564,1.038183,-0.150299,0.178647,0.331748,0.397940,0.060829,-0.192328,-0.326490,-0.701243,0.443870,-0.132721,-0.051278,-0.277215,-0.298834,0.776939,0.797925,0.342321,0.692764,0.535747,0.462364,0.246984,0.183923,0.323766,0.306167,0.510074,0.736062,1.021186,-0.223046,-0.286018,-0.002951,0.425728,-0.460685,0.340764,0.365813,-0.852768,-0.321810,-0.269197,0.671473,0.311902,-0.085449,-0.061833,-0.142185,0.196098,-0.351527,-0.282248,-0.108222,0.091809,-0.154175,-0.518577,-0.214683,0.425295,-0.104493,0.042635,-0.583407,0.002274,-0.387365,-0.064061,-0.368297,0.065629,-0.673271,0.023462,-0.289005,-0.633686,-0.877689,-0.374059,-0.364679,-0.139839,0.387754,0.108265,0.004891,0.185820,-0.226689,0.271321,-0.151714,-0.512153,0.122621,-0.294668,0.070245,-0.103872,0.556821,0.183165,-0.063097,0.536797,0.672067,0.009510,0.000000,0.000683,0.388396,0.627464
-0.041522,-0.172305,-0.181355,0.517636,0.766975,-0.487006,-0.023231,0.205454,-0.813052,-0.436970,-0.857030,0.314358,0.412123,0.901299,-0.392011,-0.350286,-0.550524,-0.632985,-0.569848,-0.228507,-0.386508,-0.718369,-0.559714,-0.395541,-0.490863,-0.581839,-0.878379,-0.544620,0.151052,0.039966,-0.437396,-0.294234,-0.162757,-0.257467,-0.514054,-0.290506,-0.819602,-0.676313,-0.520914,-0.566370,-0.513675,-0.655238,-0.875328,-0.589102,-0.488272,-0.555311,0.041257,0.661021,-0.141188,0.126676,-0.175844,0.824134,0.125339,-0.049455,-0.059952,0.398996,0.547108,0.359315,-0.347904,0.099929,-0.453188,0.474342,-0.266166,-0.728083,-0.627712,-0.442943,-0.633316,0.155389,-0.510240,-0.653604,-0.370309,0.180948,-0.448084,0.766980,-0.268260,0.125236,-0.669228,0.625504,0.351261,0.168805,-0.240734,-0.343465,-0.283018,0.325309,-0.100251,-0.478068,-0.675268,-0.715472,-0.782839,-0.958260,-0.942980,-0.861632,-0.328877,-0.427871,-0.728513,-0.428840,-0.796499,-0.317988,-0.555010,-0.311557,-0.730540,-0.296477,0.144630,-0.199140,-0.592361,0.003776,-0.688692,-0.555652,-0.329455,-0.326704,-0.502683,-0.053882,-0.758116,-0.470686,0.349617,-0.517919,-0.505307,0.430093,0.067533,-0.226305,-0.319167,-0.168429,-0.289328,-0.324948,0.050974,-0.521199,-0.241049,-0.429321,-0.118232,-0.384555,-0.222612,-0.504480,-0.777372,-0.002792,-0.636668,0.158960,0.105463,0.031684,-0.336053,-0.060409,0.214717,0.901552,0.352530,1.022637,0.484712,0.365804,0.984366,0.403015,0.654766,0.618878,0.525438,0.308739,0.226327,-0.012746,0.494066,0.414888,0.833919,0.584331,0.265833,0.201201,0.374845,0.504309,0.145254,0.471616,0.492078,0.213871,0.487115,0.250741,0.742287,0.375086,0.394996,0.576638,0.257786,-0.029038,0.810826,0.105712,0.448420,0.160255,0.428385,0.443359,-0.759222,-0.157972,-0.035814,0.344192,-0.507961,0.879362,-0.031152,0.423705,0.159089,0.338216,0.260995,-0.109346,0.051053,0.071674,-0.028200,-0.064797,0.412891,0.181184,0.207538,0.308591,0.527440,0.023289,0.557635,0.341422,1.151197,0.661279,0.516653,0.687408,0.440780,0.427066,-0.487250,-0.329530,0.199728,0.248943,0.236291,0.169925,-0.399295,0.208548,0.457259,0.393018,-0.207302,-0.166677,0.098512,-0.170241,-0.085446,-0.024146,-0.217788,0.699834,-0.377073,-0.264362,-0.035035,0.469953,0.303748,0.410172,0.061762,-0.129246,-0.505414,0.116839,0.269137,0.286352,0.549130,0.259032,0.297055,0.159141,0.147830,0.046764,0.300216,-0.336945,-0.445302,-0.323885,0.480373,0.830174,0.651185,-0.209835,0.011748,0.907101,0.710023,0.632511,0.376497,0.720808,0.000683,0.000000,0.617308,0.599988
-0.362280,-0.442097,-0.344890,0.556313,0.514768,-0.037934,0.505037,-0.152457,-0.398694,0.005274,-0.277821,-0.242835,0.067364,0.591263,-0.578107,-0.479348,-0.147535,-0.234523,-0.102934,0.045741,-0.477674,-0.210323,-0.268631,-0.282959,-0.459446,-0.516554,-0.620025,-0.221302,-0.154274,0.244443,0.029468,-0.359535,0.045979,-0.161659,-0.332576,-0.390201,-0.731300,-0.421126,-0.172641,-0.270404,-0.468786,-0.129945,-0.348597,-0.150313,-0.107267,-0.110798,0.039864,0.067570,-0.250542,0.503874,-0.211748,0.199899,0.004904,-0.363532,-0.045180,-0.028127,0.402541,0.070357,0.120700,-0.203341,-0.119840,-0.114253,-0.170912,-0.518268,-0.444097,-0.425641,-0.912424,-0.233985,-0.374338,-0.134722,-0.202487,-0.209053,-0.172897,0.242824,0.119217,-0.118643,0.051410,-0.129425,-0.173589,0.526104,-0.138498,-0.340646,-0.327896,-0.208000,-0.438974,-0.173378,-0.190145,-0.201457,-0.246749,-0.231467,-0.435537,-0.390204,0.283896,-0.126529,-0.071651,-0.261692,-0.320425,-0.233295,-0.512795,-0.352894,-0.287389,-0.452440,-0.267754,-0.288532,-0.467642,0.070554,-0.135143,-0.439532,-0.300420,-0.313177,-0.953782,0.123428,-0.314636,-0.066567,-0.162483,-0.278481,-0.213167,0.087258,-0.038095,0.056801,-0.248185,0.045299,-0.525479,0.227075,0.558510,0.074283,-0.111838,-0.604999,-0.395599,-0.531706,-0.397115,-0.262321,-0.320823,-0.314653,0.022592,-0.151888,-0.277515,-0.195301,-0.491353,0.336279,-0.094156,0.564731,0.561735,0.674630,0.720874,0.723726,0.917331,0.624342,0.593499,1.042891,0.626749,0.585566,-0.243802,0.003852,0.663152,0.655510,0.872142,0.827932,0.631774,0.609875,0.356735,0.607283,0.600379,0.352135,0.791278,0.852509,0.669118,0.083021,0.682366,0.718820,0.022757,0.689561,-0.069686,0.147559,0.354396,0.462125,-0.003673,0.291864,0.736883,0.138073,-0.393160,-0.181558,-0.272292,-0.209328,0.085024,0.372295,-0.142475,0.163712,-0.132646,0.635602,0.226030,-0.010846,0.593770,0.459423,0.071499,0.151878,0.121614,0.168076,0.160261,0.250841,0.431590,0.444940,0.019081,-0.082646,0.563990,0.410395,0.026553,0.500172,0.334517,-0.156378,-0.583135,-0.409113,0.488410,0.213977,0.017316,0.180887,-0.380056,0.077104,-0.040566,0.116576,-0.406266,0.212361,0.037483,-0.312388,0.151064,0.130563,-0.456681,0.380119,-0.503556,-0.278467,-0.140878,0.134667,0.070702,0.475052,-0.241752,-0.464556,-0.518058,-0.418444,-0.234973,-0.216797,-0.071437,-0.064736,0.406639,0.265971,0.103460,-0.015631,0.077065,0.213597,-0.365412,-0.715746,0.455607,0.211148,0.683343,0.145610,0.205328,1.182240,0.379856,0.856521,0.528390,0.733530,0.388396,0.617308,0.000000,0.669247
-0.262291,-0.386051,0.031013,0.449025,0.768695,0.200656,-0.012318,-0.223671,-0.386622,0.086810,-0.232531,-0.058711,-0.225213,0.278196,-0.706322,-0.004962,-0.092167,-0.207186,-0.059948,0.366012,0.157807,-0.236645,0.070881,0.144349,0.063271,0.064524,-0.398465,-0.123556,0.181164,0.640180,0.120797,-0.350950,0.399950,0.314120,-0.007953,0.255017,-0.249933,-0.202627,-0.105936,-0.111564,-0.078679,-0.122243,-0.285084,-0.073374,-0.007427,-0.102088,-0.117706,0.096129,0.090416,0.156349,0.084010,0.493791,0.150196,0.067563,-0.325680,-0.184257,0.084861,-0.191876,-0.085916,-0.273276,-0.468179,-0.155511,-0.371314,-0.661123,-0.559300,-0.721057,-0.493965,-0.202480,-0.134174,-0.363349,-0.631630,-0.072435,-0.305786,0.295409,-0.252684,0.224758,-0.126627,-0.024270,-0.296784,0.027741,-0.496090,-0.427450,-0.334563,-0.148977,-0.028984,-0.206194,-0.176205,-0.183547,-0.435848,-0.331455,-0.345278,-0.525597,-0.335133,-0.055224,-0.449698,-0.338008,-0.364902,-0.332851,-0.438778,-0.355198,-0.385156,-0.444641,-0.251744,-0.257899,-0.469809,-0.222065,-0.155855,-0.444166,0.099765,-0.043960,-0.695132,-0.186476,-0.370871,-0.237454,-0.265437,-0.322759,-0.397808,0.060585,0.348311,0.020090,-0.455219,-0.073827,-0.943412,-0.087521,0.135088,-0.105464,0.011856,-0.935098,-0.348268,-0.744727,-0.470278,-0.159876,-0.338297,-0.382394,-0.442387,-0.314798,-0.285348,-0.369150,-0.659411,0.302307,-0.371451,0.255440,0.201812,0.494513,0.307363,0.503277,0.654880,0.296717,0.445745,0.655213,0.110049,0.221328,-0.130840,0.062211,0.572470,0.457810,0.585645,0.542651,0.123971,0.096000,0.262017,0.389218,0.226993,0.354441,0.283166,0.494805,0.354569,0.016449,0.586464,0.273894,0.082765,0.088622,0.013817,-0.017868,0.450841,0.888616,-0.037586,-0.088733,0.869750,0.451681,-0.297250,-0.177051,-0.066247,-0.346808,0.061813,0.548806,-0.089500,-0.047517,-0.083488,0.692800,0.723045,0.103920,0.364010,0.471540,0.183932,0.075342,0.261221,0.168617,0.455826,0.437884,0.712270,0.413572,0.065476,-0.228971,0.459617,0.668310,-0.152622,0.510174,0.572508,-0.161113,-0.460980,-0.544369,0.330933,0.056343,-0.056417,-0.044925,-0.531566,-0.019326,-0.251327,-0.095888,-0.323756,-0.312175,-0.195663,-0.616178,-0.399308,-0.087407,-0.001465,0.610983,-0.619004,-0.160666,-0.358494,0.162949,-0.185514,-0.002586,-0.426296,-0.088995,-0.649468,-0.553376,-0.500632,-0.222634,-0.009298,0.084954,0.787982,0.054619,-0.267601,-0.111797,-0.031049,0.194029,-0.615010,-0.626151,0.186364,0.172616,0.348812,-0.095480,0.823878,0.692892,0.403140,1.013263,0.934247,0.319320,0.627464,0.599988,0.669247,0.000000
